0.0666755 0 0.0378174 0 0.256095 0 0.0677951 0 -0.177482 0 0.113485 0 -0.063506 0 0.0271165 0 -0.0448987 0 0.160611 0 
0.140774 0.000451469 0.116149 -0.00263523 -0.00857882 -0.000557524 -0.0580389 -0.000655822 -0.171257 4.36919e-05 0.276071 -0.00060437 -0.0832824 0.000246426 0.119556 -8.07535e-05 0.138188 -0.000622471 0.0902388 -0.00102112 
0.0221373 0.00115905 0.292763 -0.010857 -0.0635441 -0.000177839 0.112369 -0.00014596 -0.214056 -5.82513e-05 0.322577 -0.00152713 -0.316119 -0.000533305 -0.0703298 0.00108729 0.0445496 0.000606017 0.0239604 -0.00188377 
0.156199 0.000528713 0.380358 -0.0150471 -0.102675 -0.000670928 0.0507352 -0.000558592 -0.300005 -0.00193879 0.310349 -0.00121882 -0.313478 -0.000479695 -0.0941829 0.00128083 0.218838 -0.00214139 0.0838706 1.27645e-05 
0.0517096 0.00102275 0.171126 -0.00860385 -0.201094 -0.00361425 0.208384 0.00306166 -0.400613 -0.00406312 0.275506 -0.000753836 -0.254246 0.00218609 -0.117149 0.00114462 0.251327 -0.00217493 0.129893 0.00186614 
-0.0177918 0.00143254 0.18163 -0.00907961 -0.0479922 0.000184021 0.219562 0.00352725 -0.487234 -0.0076042 0.210428 0.000444932 -0.24507 0.0025806 -0.265141 -0.00201016 0.305671 -0.00224691 0.120551 0.00152253 
0.119141 0.000678207 0.203967 -0.0097631 -0.0151452 0.00102711 0.322436 0.00954462 -0.338122 -0.00185204 0.166804 0.00115694 -0.325132 -0.000772583 -0.232547 -0.00164353 0.261809 -0.00225688 0.261377 0.00808563 
0.117487 0.000689552 0.322356 -0.0132673 0.0582528 0.00383366 0.274594 0.00649412 -0.53473 -0.0106731 0.106259 0.00219771 -0.27057 0.00112904 -0.226798 -0.00161761 0.330535 -0.00193266 0.204673 0.00587 
0.0668215 0.00112083 0.375711 -0.0156046 -0.0830465 -0.00131093 0.230552 0.00350475 -0.484317 -0.00864874 0.070611 0.00244515 -0.283826 0.00080927 -0.0668568 -0.000869362 0.262742 -0.00301599 0.186701 0.00538324 
0.176333 -0.00159735 0.244487 -0.00896207 -0.100168 -0.00173195 0.244773 0.00453377 -0.40412 -0.0070149 0.0362848 0.0037009 -0.12457 0.00553172 0.0572201 0.000582192 0.155206 -0.00545427 0.0431797 0.0025174 
0.260889 -0.00369152 0.230934 -0.00810085 0.0365252 0.000414078 0.280016 0.00710828 -0.417746 -0.0074438 -0.116422 0.00914934 -0.236261 0.0046876 0.0859178 0.000373219 0.25795 -0.00571217 -0.087315 0.00297275 
0.225961 -0.00314562 0.148395 -0.00421724 0.19692 0.00464744 0.405099 0.017481 -0.641957 -0.0157939 -0.304968 0.0138181 -0.211732 0.00465776 0.0111609 0.00139804 0.32486 -0.00521152 -0.112541 0.00318795 
0.281453 -0.00412062 0.10939 -0.00277952 0.345296 0.00821241 0.48086 0.0236938 -0.603706 -0.0138967 -0.321632 0.0139393 -0.272352 0.00436353 0.147819 -0.000622113 0.438747 -0.00341681 -0.233052 0.00278807 
0.492766 -0.00903024 0.0526907 -0.000354424 0.363445 0.00858359 0.604707 0.0343344 -0.519885 -0.00870521 -0.449303 0.0143704 -0.29848 0.00410247 0.205204 -0.00135182 0.442288 -0.00330421 -0.320649 0.00130589 
0.661021 -0.0118556 0.0780185 -0.00144696 0.188057 0.00171556 0.502191 0.0248923 -0.372991 0.000456681 -0.442766 0.0144339 -0.154331 0.00887806 0.121904 -0.000919737 0.534232 -0.000418173 -0.505927 -0.00437252 
0.771531 -0.0137339 -0.129555 0.0101506 0.0768153 -0.00354351 0.562333 0.0292658 -0.402655 -0.00172435 -0.289672 0.017735 -0.224038 0.0077702 0.187045 -0.000528854 0.493346 -0.00241734 -0.45898 -0.00328049 
0.905167 -0.0172859 -0.066558 0.00641267 0.152828 0.00120157 0.744896 0.0410885 -0.293717 0.00678443 -0.202346 0.0204747 -0.0623959 0.00842293 0.190809 -0.00046207 0.627564 0.00646927 -0.623908 -0.00403453 
0.929433 -0.0180532 0.0776455 -0.00358095 -0.0882517 -0.0207847 0.723917 0.040166 -0.344339 0.0037322 -0.15179 0.0214757 -0.315031 0.00503669 0.122994 -0.00106171 0.56055 0.00230722 -0.676989 -0.00379665 
0.966631 -0.0194995 0.209625 -0.0113807 -0.173837 -0.0293093 0.71116 0.039506 -0.420594 -0.00257809 -0.196548 0.0192818 -0.281299 0.00606502 -0.0241176 0.0018018 0.459831 -0.00435912 -0.536138 -0.00360607 
0.844671 -0.0154233 0.320363 -0.0183573 -0.177625 -0.0296836 0.801736 0.0433681 -0.466774 -0.00687855 -0.0890574 0.0261871 -0.249631 0.00712113 0.0578073 0.00037763 0.490782 -0.00222386 -0.477041 -0.00334664 
0.777137 -0.0132404 0.448076 -0.0283352 -0.353419 -0.0496617 0.78939 0.0428319 -0.440512 -0.00443291 -0.0530998 0.0287435 -0.202578 0.00861458 0.0693974 0.000434078 0.642809 0.00749037 -0.541795 -0.00376396 
0.697094 -0.00970874 0.474707 -0.0300797 -0.369103 -0.0513761 0.834986 0.045569 -0.320915 0.00569415 -0.0510904 0.0288981 -0.162596 0.00900939 -0.0434804 0.00189274 0.70955 0.0118711 -0.533438 -0.00380471 
0.545989 -0.0343248 0.545989 -0.0343248 0.545989 -0.0343248 -0.0101126 0.0110473 -0.0101126 0.0110473 -0.0101126 0.0110473 0.0233377 0.00107259 0.0233377 0.00107259 -0.583796 -0.00404106 -0.583796 -0.00404106 
0.317935 -0.0227491 0.531281 -0.0335783 0.535716 -0.0338034 0.00488377 0.011124 -0.00212779 0.0110881 0.268387 0.0124723 0.0864945 -0.000128798 -0.0987641 0.00339524 -0.608382 -0.00366959 -0.731026 -0.0018165 
0.323943 -0.0229766 0.602101 -0.0379478 0.693687 -0.0407024 -0.00613458 0.0112577 0.194723 0.0126317 0.423419 0.0155517 0.262445 -0.0048622 -0.195163 0.00708862 -0.698793 -0.00185025 -0.813785 -0.0013894 
0.353313 -0.0239793 0.526223 -0.0347432 0.847152 -0.0505629 -0.0380468 0.0119085 -0.00693504 0.0129062 0.416162 0.0153532 0.224019 -0.00427838 -0.186657 0.00679327 -0.922685 0.005156 -0.774452 -0.00160498 
0.49671 -0.026659 0.539646 -0.0353171 0.904277 -0.0542289 0.330456 0.0103587 -0.147964 0.0129511 0.338762 0.0140418 0.496512 -0.0103799 -0.195006 0.00730887 -0.810248 0.00142041 -0.607951 -0.00413511 
0.514255 -0.0264942 0.343697 -0.0257946 0.751992 -0.045127 0.485732 0.0128398 -0.179492 0.0127999 0.187536 0.0123618 0.358949 -0.00921356 -0.170074 0.00551271 -0.841137 0.0015149 -0.695979 -0.00504746 
0.513109 -0.0265136 0.310936 -0.024266 0.929895 -0.056787 0.56941 0.0130426 -0.00366161 0.0160083 0.345048 0.0127373 0.200133 -0.00712754 -0.0662257 -0.00326231 -0.940233 -0.000646896 -0.65793 -0.00400934 
0.520167 -0.0265308 0.299191 -0.0237495 0.957109 -0.0584053 0.452881 0.0132203 -0.149379 0.0113655 0.354202 0.0128359 0.0584932 -0.00761592 -0.163674 0.00524353 -1.05684 -0.00462234 -0.64691 -0.00354742 
0.549326 -0.025996 0.409324 -0.0281584 1.09202 -0.0660771 0.555249 0.0138465 0.0741916 0.0211081 0.44948 0.014779 0.173863 -0.00730926 -0.101943 0.000923166 -0.980223 -0.0024102 -0.597084 -0.00263961 
0.74948 -0.0227772 0.663124 -0.0371799 1.09972 -0.0663727 0.694573 0.0154519 0.195728 0.0262707 0.571374 0.0165951 0.302804 -0.00594332 -0.0515585 -0.00191998 -0.924536 -0.000108125 -0.641112 -0.00357889 
0.94401 -0.016746 0.696816 -0.0379068 1.17427 -0.0696924 0.756821 0.0169339 0.195272 0.0262381 0.693234 0.0185291 0.402263 -0.00299824 -0.104583 0.000953757 -0.752022 0.00764353 -0.459317 0.00417238 
0.968881 -0.0153378 0.837506 -0.0385624 0.837506 -0.0385624 0.89444 0.0185906 0.199926 0.0265427 0.199926 0.0265427 0.321335 -0.00505767 0.321335 -0.00505767 -0.576579 0.0167253 -0.325413 0.00975668 
0.911862 -0.019133 1.09726 -0.033897 1.02607 -0.0351756 0.974655 0.0207716 0.42331 0.0422809 0.28818 0.0327605 0.287688 -0.0064118 0.656506 0.00843115 -0.449479 0.0249487 -0.232874 0.0142335 
1.11642 -0.00256983 1.08704 -0.0340613 1.05294 -0.0338086 1.22864 0.0282518 0.424719 0.04235 0.46354 0.0484294 0.369518 -0.000864343 0.709807 0.0109688 -0.405042 0.0284649 -0.180031 0.0168039 
1.28629 0.0172281 1.16533 -0.0319458 1.09022 -0.0307682 1.2253 0.0280676 0.426465 0.042472 0.476735 0.0500543 0.555887 0.0163539 0.84184 0.0200511 -0.388666 0.0300536 -0.15661 0.0183981 
1.33116 0.0234102 1.23113 -0.0289392 1.30352 -0.00993203 1.33368 0.0370496 0.482235 0.0467511 0.643267 0.0711928 0.778024 0.0413052 0.883917 0.0229315 -0.245344 0.0463297 -0.0668584 0.0262884 
1.36159 0.0274932 1.35108 -0.0220698 1.34457 -0.00481715 1.59336 0.0669179 0.505859 0.0485173 0.675876 0.0757855 0.893902 0.0529435 1.15075 0.0447243 -0.289979 0.0409332 -0.00897805 0.0316364 
1.52384 0.0469324 1.36056 -0.021529 1.32646 -0.00719102 1.66208 0.0758088 0.713733 0.0636548 0.721925 0.0825924 1.07593 0.0734018 1.51923 0.0772288 -0.133105 0.060216 0.00674342 0.0332987 
1.74355 0.0775723 1.46097 -0.013986 1.50741 0.0169686 1.79021 0.0926003 0.792837 0.0709291 0.833926 0.100812 1.34648 0.107692 1.57454 0.0832443 0.00135373 0.0807568 0.179614 0.055837 
1.54536 -0.00574567 1.54536 -0.00574567 1.97986 0.121176 0.99664 0.0933707 0.99664 0.0933707 0.977115 0.127908 1.32946 0.105203 1.58395 0.0843914 1.58395 0.0843914 0.195589 0.0581016 
1.51731 -0.00876331 1.79568 0.0211806 2.1122 0.1424 1.08506 0.106516 1.27328 0.134498 0.982749 0.129038 1.35709 0.109644 1.71733 0.103261 1.61083 0.0881935 0.297847 0.0729585 
1.5062 -0.0101732 1.90379 0.036318 2.32927 0.183339 1.21332 0.127411 1.43658 0.158246 1.23187 0.176626 1.51138 0.133535 1.7211 0.103847 1.66328 0.0974516 0.420434 0.0898334 
1.53403 -0.00630368 2.03253 0.0566554 2.3183 0.181255 1.2948 0.142114 1.59372 0.183349 1.40678 0.214023 1.67213 0.160867 2.03597 0.150956 1.79481 0.123503 0.594521 0.117995 
1.72199 0.0219909 2.02168 0.0547501 2.26755 0.170212 1.39341 0.158632 1.59684 0.183882 1.69453 0.278567 1.95397 0.215259 2.0493 0.152993 1.93899 0.154423 0.773251 0.147576 
1.77803 0.0312152 2.22603 0.0872705 2.22088 0.159447 1.42226 0.163434 1.88296 0.229601 1.63186 0.264209 2.03301 0.230604 2.13438 0.164465 2.12806 0.197755 0.96627 0.177239 
1.78716 0.0328352 2.36567 0.107224 2.31754 0.181895 1.4246 0.163907 1.86523 0.226355 1.57045 0.249534 2.13352 0.250661 1.93175 0.138465 2.23816 0.223764 1.16819 0.211213 
1.95258 0.0670569 2.2923 0.0963433 2.71489 0.276255 1.81943 0.241984 1.96149 0.244138 1.58157 0.252355 2.302 0.284022 2.1417 0.166274 2.30335 0.23972 1.24264 0.226814 
2.02476 0.0818533 2.5038 0.128479 2.80122 0.295552 1.88436 0.25542 2.20635 0.290139 1.56689 0.248686 2.40805 0.305251 2.16849 0.169895 2.51149 0.2903 1.20091 0.216726 
2.17639 0.112008 2.54809 0.136167 2.97487 0.331627 1.91806 0.262733 2.29755 0.308877 1.48461 0.226651 2.30123 0.28041 2.23982 0.180577 2.6508 0.32467 1.06371 0.183494 
2.27802 0.133374 3.22414 0.385065 2.06114 0.297252 2.06114 0.297252 2.47965 0.351539 2.47965 0.351539 2.28989 0.277697 2.28989 0.277697 2.28989 0.277697 1.16062 0.209862 
2.4705 0.174951 3.35282 0.416771 2.07206 0.300007 2.21674 0.336524 2.53204 0.364645 2.35369 0.320032 2.44212 0.318953 2.57959 0.356208 2.38472 0.303397 1.32895 0.256004 
2.63233 0.209497 3.4718 0.448421 2.16118 0.325358 2.36195 0.377173 2.63586 0.393847 2.56571 0.376569 2.54421 0.348573 2.78073 0.415303 2.5644 0.359056 1.45039 0.288833 
2.75412 0.238219 3.32258 0.409387 2.1464 0.320535 2.36554 0.378233 2.69698 0.412102 2.6935 0.410951 2.6725 0.388124 2.92629 0.462802 2.61096 0.374736 1.47795 0.296061 
2.92098 0.279615 3.4595 0.45023 2.23361 0.349418 2.35211 0.374218 2.74374 0.426552 2.74456 0.424234 2.88387 0.452692 2.88555 0.448291 2.77195 0.42687 1.4988 0.301521 
3.25081 0.37076 3.3736 0.425989 2.30992 0.375788 2.54427 0.429244 3.02448 0.507586 2.73577 0.42172 3.00829 0.492873 3.00638 0.490906 2.93693 0.483172 1.7557 0.372958 
3.39504 0.41171 3.4459 0.445613 2.53415 0.453226 2.50721 0.417986 3.03662 0.511018 2.93166 0.47951 3.33251 0.598011 3.03674 0.502676 3.18175 0.566016 1.81892 0.391606 
3.59379 0.465749 3.35824 0.42207 2.51505 0.446802 2.56597 0.435061 3.00919 0.503551 3.04249 0.51213 3.14034 0.532426 3.18056 0.561802 3.22533 0.581652 1.89424 0.413281 
3.73104 0.508907 3.3636 0.423614 2.56151 0.462985 2.5801 0.439349 2.95811 0.488686 3.07219 0.520407 3.11691 0.5234 3.24968 0.591436 3.2689 0.598491 1.86752 0.40506 
3.50366 0.464683 2.71721 0.516616 2.60915 0.449257 2.60915 0.449257 2.60915 0.449257 2.60915 0.449257 2.60915 0.449257 2.60915 0.449257 2.12251 0.487543 2.12251 0.487543 
3.65352 0.511245 2.75622 0.531071 2.59913 0.44586 2.70994 0.483403 2.73111 0.490578 2.7026 0.480917 2.89549 0.546272 2.73328 0.491312 2.36396 0.573046 2.44475 0.601654 
3.8069 0.558346 3.04029 0.641748 2.83866 0.531606 2.80655 0.517585 2.79884 0.513148 2.91382 0.555675 3.00494 0.585639 2.78198 0.50781 2.55015 0.641469 2.72599 0.704345 
3.78238 0.550463 3.15014 0.687508 3.09759 0.6296 3.02992 0.595655 2.87348 0.541279 3.13054 0.629493 3.13615 0.633949 2.95559 0.568984 2.74928 0.721393 2.91222 0.775875 
3.89853 0.587409 3.13291 0.680467 3.07088 0.619573 2.92668 0.558975 3.05848 0.610279 3.09391 0.616244 3.27625 0.687955 3.01478 0.589318 2.70536 0.703981 3.21976 0.898794 
4.11786 0.657588 3.15262 0.688831 3.16214 0.654329 3.0142 0.592051 3.03249 0.600151 3.20824 0.659176 3.3381 0.711461 3.04501 0.599948 2.72841 0.713552 3.23212 0.903992 
4.21151 0.68939 3.32276 0.762111 3.38471 0.744233 3.16628 0.650236 3.25688 0.693712 3.31054 0.700835 3.37777 0.726388 3.1057 0.623185 2.96389 0.818666 3.37771 0.966949 
4.3603 0.745726 3.26658 0.736802 3.57193 0.82523 3.25033 0.685307 3.51206 0.807518 3.41272 0.741714 3.45269 0.757331 3.07149 0.608536 3.14439 0.910292 3.48708 1.01844 
4.55223 0.819055 3.39015 0.796739 3.6378 0.855869 3.44466 0.769611 3.40424 0.758579 3.29446 0.69233 3.33906 0.708438 3.09495 0.618846 3.1972 0.937959 3.66935 1.1073 
4.69095 0.872723 3.37803 0.790703 3.63781 0.855876 3.58532 0.830606 3.54408 0.82595 3.43193 0.750582 3.37309 0.723852 3.24408 0.683338 3.3249 1.0063 3.87349 1.2051 
4.97154 0.986437 3.37814 0.790763 3.81317 0.942066 3.64753 0.860056 3.57606 0.841048 3.42126 0.746126 3.44059 0.756587 3.36805 0.740571 3.3991 1.0463 4.07228 1.30355 
4.99347 0.995551 3.86686 0.969251 3.78146 0.928147 3.78146 0.928147 3.82001 0.962668 3.48759 0.774526 3.48759 0.774526 3.48759 0.774526 3.48759 0.774526 3.48759 0.774526 
4.94589 0.975296 3.93255 1.00263 3.87895 0.978552 3.94563 1.01303 3.91539 1.00817 3.60154 0.822516 3.59968 0.821734 3.50885 0.78348 3.67004 0.851365 3.59398 0.819335 
5.14785 1.06752 4.04045 1.06291 3.92093 0.999713 3.97679 1.02999 4.09378 1.1012 3.66251 0.851865 3.7559 0.893532 3.48926 0.774586 3.41192 0.730522 3.67786 0.858197 
5.3032 1.14038 4.20949 1.15906 3.98574 1.03479 3.92637 1.00245 4.2277 1.17367 3.8493 0.94713 3.84325 0.935537 3.63022 0.842012 3.56166 0.80105 3.61011 0.825765 
5.40749 1.1906 4.37102 1.2581 4.24591 1.17875 3.98543 1.03501 4.25733 1.19079 3.96828 1.00862 3.94307 0.985775 3.61712 0.835412 3.39358 0.717866 3.66003 0.850531 
5.54783 1.26199 4.33305 1.23385 4.44925 1.2961 4.10388 1.10047 4.315 1.22614 4.03549 1.04204 3.9428 0.985636 3.63965 0.846787 3.51676 0.780112 3.69908 0.87098 
5.60368 1.29029 4.36096 1.25266 4.4899 1.32039 4.33986 1.23513 4.34438 1.24528 4.06871 1.05928 3.94731 0.987961 3.82919 0.945679 3.68815 0.875075 3.74746 0.898389 
5.64224 1.3094 4.5193 1.36005 4.47522 1.31119 4.30352 1.21455 4.32834 1.23434 4.32564 1.19986 4.22162 1.13075 3.98534 1.02991 3.57773 0.810784 3.91386 0.996303 
5.6433 1.30997 4.49356 1.34155 4.3916 1.26735 4.3916 1.26735 4.43372 1.26361 4.43372 1.26361 4.27644 1.16067 4.27644 1.16067 4.27644 1.16067 4.04494 1.07553 
5.69951 1.34045 4.58454 1.40763 4.46425 1.30893 4.49494 1.32649 4.59374 1.35858 4.42788 1.26014 4.32123 1.1855 4.29814 1.1727 4.3106 1.17961 4.05004 1.07871 
5.73806 1.36261 4.66749 1.47099 4.59366 1.38423 4.54563 1.35494 4.73274 1.44088 4.39977 1.24372 4.43998 1.25258 4.4707 1.27296 4.41539 1.23976 4.13243 1.1324 
5.76566 1.37927 4.88662 1.64561 4.43026 1.28756 4.5507 1.35785 4.74639 1.4493 4.37862 1.23145 4.59798 1.34717 4.58027 1.33902 4.50199 1.28731 4.19179 1.17208 
5.89021 1.45624 5.00024 1.73666 4.53221 1.34907 4.71593 1.45388 4.52475 1.31479 4.54371 1.33272 4.62835 1.36583 4.73242 1.43789 4.71234 1.4055 4.28686 1.24036 
5.86582 1.44101 5.0301 1.7605 4.54923 1.35965 4.78528 1.49557 4.69277 1.41761 4.56853 1.34769 4.85921 1.51518 4.84077 1.50665 4.9585 1.5469 4.37168 1.30366 
6.03575 1.54915 5.09276 1.81119 4.57255 1.37404 4.77621 1.48997 4.7242 1.43721 4.70181 1.43297 4.96246 1.5807 4.82786 1.49833 4.97298 1.5554 4.45197 1.36762 
6.13874 1.61639 5.12217 1.83519 4.78187 1.50302 4.86814 1.54711 4.90171 1.54944 4.71895 1.44469 4.91919 1.55131 4.87236 1.52806 5.16869 1.66913 4.32189 1.26282 
6.1205 1.60433 5.10431 1.82036 4.97104 1.6235 4.9096 1.57492 4.86877 1.52801 4.87841 1.55601 5.13689 1.70098 5.08576 1.67898 5.13777 1.651 4.37494 1.30624 
6.17898 1.64332 5.20125 1.90389 5.24224 1.80375 4.90376 1.57092 4.8601 1.52227 4.87737 1.55525 5.22118 1.75968 5.12646 1.70825 5.25403 1.72072 4.43666 1.35712 
6.27889 1.71213 5.1796 1.88533 5.29511 1.84084 5.08798 1.70168 4.84616 1.51294 4.915 1.58315 5.30004 1.81587 5.20286 1.7655 5.30831 1.75414 4.49446 1.40766 
6.42595 1.82128 5.18124 1.8868 5.439 1.94378 5.07435 1.69184 4.91005 1.55527 4.91195 1.58069 5.34328 1.84719 5.27881 1.82392 5.30885 1.75448 4.45994 1.37722 
6.44173 1.83327 5.48032 1.97457 5.48032 1.97457 5.20827 1.79104 5.01991 1.62924 5.01991 1.62924 5.39643 1.88622 5.39643 1.88622 5.39643 1.88622 5.39643 1.88622 
6.50465 1.88124 5.64123 2.09901 5.5426 2.02273 5.26744 1.83711 5.18559 1.74513 5.16822 1.73297 5.39188 1.8828 5.54285 1.99612 5.40571 1.89318 5.45265 1.92842 
6.55119 1.91884 5.76745 2.19815 5.61204 2.07746 5.36133 1.9116 5.26458 1.8039 5.36012 1.86923 5.44075 1.91954 5.65628 2.089 5.46346 1.93623 5.53086 1.98866 
6.63099 1.98188 5.92509 2.32612 5.62124 2.08489 5.31845 1.87697 5.44197 1.93652 5.31757 1.83697 5.40673 1.89369 5.64826 2.08192 5.40268 1.88877 5.486 1.9534 
6.74069 2.07469 6.06283 2.43853 5.67833 2.13296 5.44939 1.98487 5.5717 2.03517 5.5012 1.96927 5.47432 1.94575 5.7557 2.18099 5.57648 2.03003 5.61927 2.0584 
6.88009 2.19447 6.24244 2.58508 5.79471 2.23294 5.49551 2.02194 5.65373 2.10006 5.54223 1.99956 5.53308 1.98979 5.83056 2.25189 5.74866 2.16896 5.73421 2.14995 
6.94637 2.25154 6.35045 2.67372 5.83141 2.26632 5.49394 2.02067 5.78168 2.2034 5.60186 2.04397 5.60341 2.04556 5.93214 2.34699 5.7919 2.20427 5.67379 2.10203 
7.01545 2.31438 6.48478 2.78741 5.76173 2.20087 5.44251 1.97891 5.66453 2.10675 5.58571 2.0315 5.72564 2.14387 5.88549 2.30175 5.94856 2.33668 5.71567 2.13527 
7.05966 2.35628 6.6093 2.8947 5.82183 2.25425 5.50269 2.03191 5.63657 2.08424 5.70326 2.1215 5.81221 2.2139 5.98847 2.40518 6.06678 2.43724 5.76639 2.17589 
7.16046 2.45495 6.63114 2.91421 5.88017 2.30953 5.58956 2.11117 5.77009 2.18782 5.6258 2.05962 6.04009 2.4013 6.00043 2.41745 6.05962 2.43108 5.80544 2.2073 
7.24604 2.54126 6.77539 3.04575 5.97122 2.39908 5.92481 2.31264 5.6762 2.1005 6.1345 2.48163 6.1345 2.48163 6.15046 2.50594 6.15046 2.50594 5.93934 2.31184 
7.37773 2.67834 6.94416 3.20659 5.91502 2.33963 5.96395 2.34645 5.85687 2.24357 6.2151 2.55309 6.27834 2.60917 6.29108 2.62184 6.34612 2.66721 6.0078 2.36732 
7.49993 2.80792 7.09737 3.3529 5.99208 2.42206 6.11439 2.47982 6.01338 2.37339 6.41975 2.73915 6.27553 2.6066 6.44126 2.74232 6.5371 2.83057 6.05541 2.40606 
7.53191 2.8426 7.18894 3.44226 6.01539 2.44655 6.18004 2.53617 6.16647 2.5023 6.51782 2.83096 6.29127 2.62147 6.6941 2.94023 6.56082 2.85058 6.15396 2.48759 
7.54924 2.86144 6.14528 2.5052 6.14528 2.5052 6.58424 2.89293 6.58424 2.89293 6.58424 2.89293 6.41879 2.74093 6.41879 2.74093 6.63216 2.91361 6.63216 2.91361 
7.5699 2.8842 6.1787 2.5353 6.21787 2.57059 6.76913 3.06848 6.60144 2.90926 6.50468 2.81739 6.50212 2.81825 6.44414 2.76446 6.66548 2.9433 6.81444 3.07602 
7.62167 2.94402 6.36586 2.71184 6.34102 2.68154 6.87159 3.16831 6.68748 2.99139 6.68491 2.99185 6.65683 2.96388 6.59298 2.90447 6.78638 3.058 6.93986 3.18864 
7.64424 2.97044 6.38628 2.73098 6.33232 2.67324 7.02324 3.31193 6.72421 3.02778 6.64619 2.95298 6.8176 3.11967 6.74591 3.0521 6.79067 3.06228 6.92439 3.17452 
7.76688 3.1211 6.54586 2.88478 6.47726 2.81413 7.15944 3.44072 6.91942 3.22618 6.78004 3.09334 6.87363 3.17628 6.84098 3.14794 6.80912 3.08213 6.93083 3.18061 
7.91857 3.30839 6.63244 2.96635 6.64981 2.98572 7.30211 3.57219 7.06084 3.37005 6.93736 3.26134 6.94266 3.24524 6.93612 3.24961 6.90539 3.18763 6.97233 3.22024 
7.91973 3.30985 6.73982 3.0718 6.80923 3.14007 7.55948 3.80723 7.264 3.58282 7.06139 3.39673 7.05078 3.35628 7.1154 3.43768 6.94725 3.23648 7.0489 3.29486 
8.0864 3.51723 6.82826 3.1578 6.97652 3.30642 7.65743 3.90127 7.27048 3.58951 7.24372 3.59801 7.14288 3.45804 7.21616 3.54534 7.10871 3.4285 7.10556 3.35116 
8.11103 3.54971 6.94321 3.27385 7.02385 3.35331 7.67834 3.92196 7.19218 3.50556 7.27996 3.63861 7.17449 3.49229 7.31422 3.65163 7.18976 3.53029 7.20343 3.45345 
8.14643 3.59568 7.08461 3.42239 7.15306 3.48357 7.75081 3.9941 7.30449 3.62984 7.28406 3.64339 7.33593 3.67025 7.33818 3.67801 7.33144 3.70749 7.26228 3.51434 
7.12459 3.46436 7.21388 3.55098 7.32641 3.65508 7.30855 3.67287 7.30855 3.67287 7.42483 3.77386 7.42483 3.77386 7.40143 3.75058 7.45933 3.87063 7.45933 3.87063 
7.16888 3.51282 7.32945 3.6788 7.38812 3.72622 7.41834 3.8089 7.49139 3.8994 7.64378 4.03464 7.55613 3.93024 7.52837 3.90305 7.59322 4.04935 7.57804 4.02909 
7.15459 3.49626 7.41985 3.78189 7.55604 3.92599 7.59578 4.03381 7.44219 3.83663 7.7261 4.13758 7.67486 4.07191 7.55662 3.93817 7.65002 4.12723 7.61602 4.08046 
7.26169 3.62474 7.42073 3.78291 7.67134 4.06323 7.58331 4.01759 7.4635 3.86484 7.7238 4.13463 7.74457 4.16008 7.61479 4.00999 7.58223 4.03263 7.60875 4.07061 
7.33765 3.71534 7.59425 3.99643 7.71268 4.11518 7.70172 4.16703 7.61005 4.07301 7.86033 4.32188 7.80892 4.24499 7.57595 3.96141 7.56909 4.01391 7.56593 4.01128 
7.36301 3.74881 7.73972 4.17211 7.78704 4.2086 7.75656 4.23796 7.6199 4.08746 7.90459 4.38491 7.87579 4.33812 7.76818 4.21438 7.59174 4.04737 7.61883 4.08267 
7.45311 3.8742 7.75046 4.18571 7.82911 4.26134 7.86685 4.38455 7.78049 4.33711 7.93778 4.43175 7.92355 4.40816 7.77892 4.22911 7.6087 4.07317 7.61621 4.07889 
7.52693 3.97684 7.81318 4.26813 7.96943 4.44986 7.8923 4.41852 7.85443 4.4553 7.93807 4.43219 7.92485 4.41014 7.90073 4.4025 7.77699 4.32988 7.68566 4.17968 
7.56963 4.03911 7.83717 4.30071 8.03445 4.53851 7.81407 4.31108 8.01022 4.71269 8.07006 4.62872 7.9902 4.5124 8.01763 4.56903 7.87364 4.4832 7.73644 4.2565 
7.66003 4.16859 7.66003 4.16859 7.66003 4.16859 7.66003 4.16859 7.66003 4.16859 7.66003 4.16859 7.66003 4.16859 7.66003 4.16859 7.66003 4.16859 7.66003 4.16859 
7.75489 4.30822 7.78742 4.35611 7.67212 4.18639 7.60684 4.09031 7.69576 4.22119 7.70523 4.23513 7.59044 4.06618 7.6793 4.19696 7.76679 4.32573 7.71188 4.24492 
7.84661 4.44712 7.88429 4.50433 7.72135 4.25925 7.58147 4.05368 7.79834 4.37232 7.84352 4.44463 7.59764 4.07697 7.75831 4.31751 7.67629 4.19017 7.84909 4.45635 
7.79419 4.3645 7.89776 4.526 7.78691 4.35872 7.58685 4.06138 7.80333 4.37983 7.87495 4.49587 7.68484 4.21259 7.71416 4.24534 7.86137 4.47524 7.8809 4.50686 
7.87172 4.48833 7.87678 4.49101 7.81104 4.39626 7.62871 4.12191 7.86543 4.47985 7.89303 4.5267 7.69972 4.2367 7.73765 4.28541 7.84866 4.45433 7.91209 4.55915 
8.00601 4.71624 7.9079 4.54447 7.83368 4.43223 7.60745 4.08969 7.93748 4.59837 7.9696 4.65992 7.67585 4.19727 7.75991 4.32547 7.96153 4.65073 7.91423 4.56277 
8.05607 4.80194 7.97555 4.65986 7.90236 4.54319 7.63022 4.12438 7.97153 4.65777 7.9517 4.62782 7.82725 4.45596 7.83661 4.4638 8.0003 4.72077 7.95076 4.62924 
8.16271 4.99476 7.98275 4.67266 7.98275 4.67266 7.98275 4.67266 7.98275 4.67266 7.98275 4.67266 7.98275 4.67266 7.98275 4.67266 7.98275 4.67266 7.98275 4.67266 
8.16727 5.00347 8.0524 4.78819 8.00125 4.70334 7.96253 4.63912 7.98593 4.67793 8.07393 4.8239 8.01212 4.72138 7.99842 4.69866 8.01762 4.73049 7.91104 4.55372 
8.25684 5.18103 8.0431 4.77194 8.11139 4.88592 7.99806 4.69862 8.00169 4.70419 8.16678 4.9834 8.14967 4.95517 7.99033 4.68554 8.11297 4.88815 8.00755 4.72184 
8.38179 5.44619 8.09211 4.86055 8.16412 4.97799 8.07576 4.8293 8.14343 4.95155 8.17836 5.00435 8.25295 5.13866 8.03502 4.7592 8.18476 5.00826 8.06693 4.8218 
8.21473 5.07071 8.21473 5.07071 8.21473 5.07071 8.21473 5.07071 8.29685 5.22043 8.29685 5.22043 8.27968 5.17224 8.27968 5.17224 8.27968 5.17224 8.27968 5.17224 
8.29282 5.22372 8.29364 5.22532 8.21464 5.07052 8.36471 5.36458 8.3009 5.22888 8.3455 5.32197 8.36287 5.32434 8.32505 5.25519 8.41627 5.42198 8.32453 5.25423 
8.33697 5.31265 8.32684 5.29084 8.26007 5.1607 8.43069 5.50061 8.31118 5.25133 8.40796 5.45913 8.3876 5.37084 8.41381 5.41867 8.49743 5.57638 8.29457 5.19546 
8.43528 5.50939 8.38299 5.40521 8.26405 5.16852 8.48082 5.60885 8.38871 5.43079 8.46586 5.58536 8.37307 5.34353 8.39633 5.38554 8.60177 5.78203 8.33681 5.27956 
8.44311 5.52567 8.40515 5.44983 8.27076 5.18303 8.54654 5.76002 8.36703 5.37902 8.55794 5.8011 8.36455 5.32669 8.36803 5.3297 8.61319 5.80495 8.33527 5.27646 
8.464 5.56826 8.47276 5.58492 8.28231 5.20905 8.54695 5.76093 8.39627 5.44689 8.62579 5.95756 8.43271 5.45894 8.33389 5.26265 8.57822 5.73612 8.37079 5.34681 
8.47137 5.58352 8.48169 5.60285 8.28814 5.22193 8.52868 5.71959 8.47527 5.62185 8.66529 6.04832 8.44793 5.48762 8.42048 5.44129 8.60267 5.78644 8.43584 5.47895 
8.54607 5.74598 8.52889 5.69662 8.37772 5.42643 8.50257 5.66207 8.51227 5.70935 8.78233 6.33024 8.42302 5.43984 8.48435 5.57839 8.68198 5.955 8.43527 5.47774 
8.56821 5.79629 8.60547 5.85281 8.46515 5.62842 8.56657 5.80589 8.55728 5.81956 8.76198 6.27606 8.43934 5.47195 8.58726 5.78939 8.76344 6.13746 8.50513 5.62502 
8.60358 5.88055 8.60776 5.85752 8.48729 5.68536 8.63188 5.96559 8.67136 6.11303 8.77139 6.30113 8.48318 5.55945 8.59244 5.80066 8.79605 6.21135 8.54055 5.70514 
8.68081 6.06562 8.66471 5.97895 8.52191 5.77975 8.74209 6.24435 8.72673 6.25703 8.79656 6.36932 8.53158 5.65963 8.59742 5.81187 8.93143 6.52083 8.54649 5.71834 
8.69035 6.09067 8.69035 6.09067 8.69035 6.09067 8.4941 5.57905 8.4941 5.57905 8.57926 5.76858 8.57926 5.76858 9.02656 6.74817 8.55492 5.73728 8.55492 5.73728 
8.71814 6.16783 8.68762 6.08309 8.70363 6.12755 8.45718 5.49928 8.42959 5.43967 8.58115 5.77324 8.57466 5.75726 9.08809 6.8996 8.5124 5.63506 8.54651 5.71706 
8.75117 6.27058 8.73394 6.22045 8.75708 6.28596 8.48745 5.57071 8.46126 5.51022 8.62397 5.88104 8.64368 5.92532 9.09852 6.92797 8.58822 5.81957 8.58568 5.81722 
8.76525 6.31836 8.77739 6.3541 8.79516 6.41014 8.5086 5.62308 8.38797 5.33832 8.65186 5.96244 8.64666 5.93237 9.12786 7.0064 8.5709 5.7747 8.63417 5.96115 
8.80046 6.44881 8.85828 6.60441 8.80583 6.44359 8.53463 5.69277 8.45868 5.51073 8.71519 6.15668 8.70439 6.06422 9.19228 7.18118 8.59698 5.84783 8.62683 5.93864 
8.81798 6.52133 8.89184 6.7127 8.83315 6.53214 8.50741 5.61437 8.53773 5.71319 8.76296 6.3326 8.73303 6.13143 9.21652 7.24895 8.65307 6.00887 8.68249 6.11367 
8.9095 6.76898 8.87893 6.68945 8.58035 5.82807 8.8064 6.4869 8.78043 6.24502 8.78043 6.24502 9.20633 7.2182 8.70334 6.1569 8.70334 6.1569 8.73524 6.28305 
8.96479 6.96333 8.92412 6.85552 8.65829 6.06181 8.81361 6.51277 8.809 6.31558 8.80724 6.31125 9.24222 7.32224 8.74483 6.29046 8.76589 6.35825 8.75983 6.3675 
8.9851 7.04184 8.93012 6.88021 8.66984 6.0989 8.77761 6.36433 8.84525 6.40772 8.7803 6.24082 9.25822 7.37057 8.78882 6.45067 8.82415 6.54545 8.79945 6.50212 
9.01758 7.16591 8.97639 7.07988 8.67066 6.10156 8.79902 6.46765 8.87559 6.48796 8.79396 6.27972 9.31187 7.54173 8.79009 6.45568 8.81236 6.50543 8.82465 6.58861 
9.03856 7.2502 9.02734 7.31355 8.69198 6.17538 8.85875 6.81736 8.96619 6.73046 8.84069 6.42441 9.34221 7.64466 8.82267 6.58994 8.86207 6.68169 8.85097 6.68337 
9.04039 7.25807 9.03948 6.93194 8.87651 6.54478 8.87651 6.54478 8.87651 6.54478 9.36385 7.72143 8.84437 6.61641 8.84437 6.61641 8.91263 6.91327 8.91263 6.91327 
9.06151 7.36381 9.04518 6.94869 8.91865 6.69376 8.90645 6.65064 8.89512 6.61057 9.43748 7.99648 8.87379 6.72918 8.85031 6.63917 8.91989 6.94335 8.94124 7.03183 
9.0833 7.47185 9.12377 7.19705 8.96112 6.8464 8.90558 6.64749 8.98191 6.96739 9.45422 8.06043 8.93458 6.99406 8.85681 6.66612 8.97331 7.16885 9.00776 7.34432 
9.11766 7.65785 9.13617 7.23803 8.93759 6.76131 8.91748 6.69189 8.9926 7.00958 9.50037 8.24141 8.93217 6.98249 8.89538 6.83354 8.98705 7.23072 9.01604 7.38234 
9.12929 7.72658 9.17475 7.36847 9.17475 7.36847 9.17475 7.36847 9.17475 7.36847 9.17475 7.36847 9.17475 7.36847 9.17475 7.36847 9.17475 7.36847 8.98557 7.23862 
9.16339 7.938 9.19967 7.45667 9.21939 7.52647 9.18483 7.40415 9.18608 7.40858 9.25377 7.64817 9.21417 7.508 9.18484 7.40419 9.18572 7.40732 9.01364 7.39086 
9.19013 8.11287 9.24936 7.64078 9.19155 7.42639 9.23561 7.59166 9.195 7.44003 9.27708 7.72861 9.28084 7.74343 9.21654 7.52319 9.21116 7.49253 9.03442 7.52039 
9.2344 8.38876 9.30128 7.84419 9.23162 7.57726 9.25708 7.67291 9.26023 7.67508 9.34061 7.95778 9.31455 7.86514 9.28581 7.77149 9.2562 7.65675 9.04469 7.58638 
9.25158 8.49464 9.28941 7.79322 9.27197 7.73624 9.27877 7.75458 9.3 7.82437 9.38586 8.13236 9.37408 8.06691 9.3268 7.9277 9.23624 7.57962 9.07164 7.79952 
9.28041 8.71733 9.30893 7.88634 9.27506 7.74922 9.26388 7.69927 9.24248 7.59321 9.39593 8.17399 9.39037 8.12665 9.31781 7.89219 9.24361 7.6064 9.07329 7.8159 
9.29775 8.85276 9.33659 8.01599 9.29727 7.85082 9.29727 7.85082 9.29727 7.85082 9.29727 7.85082 9.29727 7.85082 9.29727 7.85082 9.29727 7.85082 9.29727 7.85082 
9.3284 9.09278 9.34719 8.06433 9.35328 8.11877 9.33158 8.01497 9.306 7.89259 9.31183 7.9205 9.31631 7.94194 9.30954 7.90955 9.31904 7.95497 9.31414 7.93154 
9.33411 9.15542 9.35012 8.07845 9.3712 8.21784 9.35309 8.12108 9.32556 7.99467 9.29787 7.84406 9.32748 7.99452 9.27427 7.73313 9.3503 8.09459 9.36212 8.16655 
9.33399 9.15416 9.33881 8.01796 9.35696 8.13548 9.35952 8.15729 9.39453 8.32447 9.31044 7.92868 9.33264 8.02079 9.27881 7.75933 9.35862 8.13447 9.37893 8.25253 
9.34842 9.32107 9.38518 8.28845 9.3745 8.24937 9.40594 8.4453 9.4129 8.41914 9.3197 7.99303 9.35556 8.14129 9.29212 7.83532 9.39559 8.32735 9.36739 8.18281 
9.35013 9.34597 9.3979 8.36648 9.39098 8.35965 9.40546 8.44181 9.45417 8.66541 9.35614 8.29059 9.38103 8.28384 9.32173 8.04015 9.39659 8.33357 9.39865 8.36813 
9.35928 9.47506 9.42488 8.55794 9.41458 8.51806 9.43668 8.67847 9.4683 8.77888 9.36461 8.35842 9.4187 8.50219 9.33306 8.12519 9.39129 8.29774 9.42776 8.58723 
9.36517 9.56694 9.41973 8.5178 9.42063 8.56421 9.42309 8.5775 9.4707 8.79859 9.39199 8.55472 9.43971 8.62888 9.33913 8.17374 9.39347 8.31777 9.44856 8.73094 
9.37457 9.791 9.4389 8.64703 9.45077 8.79815 9.43525 8.68034 9.48103 8.89103 9.38798 8.52659 9.47206 8.83925 9.35119 8.26983 9.40968 8.46425 9.45164 8.75216 
9.37532 9.85197 9.4556 8.78714 9.44514 8.74564 9.45942 8.90383 9.49682 9.02849 9.39013 8.54436 9.4941 8.97477 9.37856 8.48897 9.41588 8.5238 9.45956 8.8123 
9.37491 9.81662 9.49632 9.18395 9.44675 8.76619 9.45226 8.8282 9.5142 9.1568 9.41062 8.77202 9.49987 9.01146 9.37514 8.45098 9.42354 8.5939 9.46003 8.81631 
9.37476 9.92437 9.51777 9.39826 9.46396 9.01811 9.47818 9.1731 9.53512 9.33055 9.43673 9.03446 9.51977 9.14765 9.38786 8.60995 9.43672 8.73324 9.47097 8.90054 
9.37436 9.95151 9.52705 9.51956 9.46564 9.053 9.48509 9.28401 9.54919 9.45501 9.45911 9.28785 9.53616 9.25019 9.39585 8.72847 9.44566 8.84672 9.48175 8.99762 
9.37468 10.0765 9.52216 9.43316 9.47426 9.28342 9.48957 9.47003 9.55117 9.47244 9.47226 9.42263 9.54528 9.31042 9.39663 8.74172 9.44577 8.84947 9.4742 8.91861 
9.37468 10.1597 9.52465 9.51856 9.4751 9.30691 9.49199 9.56297 9.57635 9.71235 9.4729 9.43186 9.55166 9.36008 9.39571 8.72217 9.44862 9.03605 9.47647 8.95426 
9.52345 9.47887 9.52345 9.47887 9.47431 9.28006 9.47431 9.28006 9.47431 9.28006 9.47431 9.28006 9.47431 9.28006 9.47431 9.28006 9.48445 9.10967 9.48445 9.10967 
9.5244 9.53304 9.52395 9.50712 9.47539 9.33274 9.47793 9.45676 9.47695 9.40879 9.47693 9.40804 9.47788 9.45407 9.47655 9.38918 9.49134 9.26031 9.49925 9.43314 
9.52479 9.44898 9.52303 9.55861 9.47597 9.43424 9.47873 9.52549 9.47636 9.33302 9.47718 9.57891 9.47794 9.47827 9.47715 9.45911 9.48923 9.2094 9.49935 9.43785 
9.52452 9.46757 9.52138 9.61651 9.47579 9.45272 9.47793 9.60138 9.47522 9.28188 9.47369 9.68776 9.47825 9.58257 9.47704 9.46961 9.48807 9.17485 9.49912 9.56427 
9.52361 9.51427 9.51246 9.90502 9.47562 9.63235 9.46941 9.8574 9.47513 9.39778 9.47317 9.74432 9.47692 9.79442 9.47845 9.35236 9.48755 9.1503 9.50232 9.78467 
9.5199 9.62612 9.5069 10.0123 9.47223 9.76768 9.45654 10.1536 9.47285 9.53155 9.47262 9.84193 9.47431 9.92334 9.47642 9.42782 9.48899 9.34195 9.50263 9.85546 
9.5196 9.63758 9.49524 10.2791 9.46752 9.87467 9.45387 10.1989 9.4722 9.67518 9.47089 9.89303 9.47268 9.96396 9.4724 9.64357 9.48718 9.42635 9.50197 9.93042 
9.5151 9.73882 9.48926 10.3788 9.45334 10.2048 9.47314 9.84033 9.47314 9.84033 9.46796 10.0376 9.48492 9.47611 9.50021 9.99632 9.50021 9.99632 9.50021 9.99632 
9.50679 9.91346 9.47386 10.5824 9.45601 10.179 9.46783 9.94095 9.47156 9.87027 9.46648 10.0543 9.48517 9.47166 9.49816 10.0838 9.50026 9.9943 9.49823 10.0809 
9.50258 9.99431 9.46542 10.6686 9.44578 10.2701 9.45922 10.1079 9.45527 10.1603 9.44096 10.3018 9.47371 9.6305 9.48621 10.3036 9.49467 10.1335 9.50037 10.0061 
9.494 10.1193 9.44979 10.8292 9.43371 10.3676 9.45708 10.1476 9.45548 10.1567 9.41596 10.5355 9.47132 9.66928 9.47798 10.4111 9.49377 10.1548 9.4942 10.2024 
9.48686 10.2228 9.44463 10.8774 9.42554 10.4322 9.45322 10.204 9.44085 10.3429 9.42187 10.4912 9.4726 9.6561 9.45605 10.6306 9.47566 10.4249 9.49157 10.2423 
9.47376 10.4052 9.44439 10.8794 9.42942 10.4061 9.43673 10.3792 9.42288 10.5522 9.42931 10.4295 9.47376 9.64446 9.43971 10.7748 9.46425 10.5852 9.48022 10.4 
9.47327 10.4105 9.47327 10.4105 9.42306 10.5309 9.40887 10.7129 9.40887 10.7129 9.39982 10.6534 9.45335 10.7183 9.45335 10.7183 9.47889 10.4187 9.47889 10.4187 
9.47068 10.4384 9.45997 10.5537 9.42466 10.5154 9.38869 10.8974 9.40033 10.7911 9.3929 10.6984 9.43077 10.9462 9.44506 10.802 9.47041 10.5409 9.47148 10.5255 
9.45764 10.5591 9.45197 10.6267 9.39478 10.7416 9.35167 11.1767 9.37687 10.9636 9.37749 10.7811 9.40851 11.1247 9.43411 10.9149 9.46273 10.6318 9.45198 10.7567 
9.45627 10.5694 9.43879 10.7669 9.3541 11.0691 9.32814 11.3519 9.36331 11.0537 9.34789 10.9287 9.40719 11.1342 9.42564 11.0019 9.44052 10.8838 9.45427 10.7311 
9.45066 10.6115 9.44644 10.68 9.34753 11.1216 9.31827 11.4126 9.35884 11.0805 9.32825 11.0305 9.38444 11.2738 9.42625 10.9971 9.42789 11.0202 9.45002 10.7688 
9.43652 10.7095 9.4498 10.6528 9.34319 11.1544 9.33865 11.3019 9.36183 11.0644 9.33417 11.0036 9.39324 11.2268 9.43006 10.9699 9.41853 11.0953 9.42992 10.9149 
9.4223 10.8697 9.32764 11.2556 9.32764 11.2556 9.29703 11.5103 9.39395 11.2233 9.42864 10.9785 9.42864 10.9785 9.39372 11.3109 9.39372 11.3109 9.42808 10.9281 
9.42322 10.862 9.29024 11.4708 9.30189 11.4038 9.26073 11.6664 9.38511 11.2603 9.39542 11.1644 9.39049 11.1919 9.38567 11.3691 9.39471 11.3038 9.41689 10.9991 
9.43489 10.7582 9.2574 11.6595 9.27974 11.5227 9.22816 11.7972 9.35306 11.3873 9.37521 11.2794 9.35994 11.3599 9.35765 11.5625 9.37279 11.4431 9.3962 11.1202 
9.41529 10.9088 9.24586 11.735 9.25304 11.6651 9.21256 11.86 9.31207 11.5429 9.35702 11.3872 9.32456 11.5298 9.33279 11.7242 9.35618 11.5578 9.39168 11.1436 
9.39249 11.0871 9.23048 11.821 9.24869 11.6876 9.20653 11.8816 9.29013 11.6245 9.34889 11.4343 9.29987 11.6513 9.3294 11.7442 9.34128 11.6625 9.39858 11.1105 
9.20333 11.9816 9.20746 11.8746 9.20746 11.8746 9.33322 11.5203 9.33322 11.5203 9.27212 11.7825 9.30784 11.8591 9.30784 11.8591 9.31617 11.8378 9.31617 11.8378 
9.2131 11.918 9.19077 11.9483 9.16481 12.0631 9.32061 11.5863 9.30888 11.6477 9.23786 11.9427 9.31326 11.831 9.26655 12.0729 9.33548 11.6963 9.30571 11.9145 
9.23329 11.7985 9.16237 12.0705 9.12687 12.2286 9.29676 11.7087 9.28397 11.7739 9.21525 12.049 9.28343 11.9757 9.23992 12.2163 9.32793 11.7459 9.29725 11.9799 
9.21887 11.8698 9.12426 12.2258 9.13996 12.1731 9.23365 12.0514 9.2689 11.8425 9.17142 12.2388 9.27435 12.0196 9.23698 12.2296 9.31165 11.8334 9.28829 12.0461 
9.22539 11.8381 9.11885 12.2472 9.12494 12.2392 9.1985 12.2407 9.22744 12.0148 9.18419 12.1792 9.2433 12.1719 9.22348 12.2927 9.28767 11.9492 9.281 12.0959 
9.22618 11.8347 9.0801 12.4004 9.09138 12.3769 9.15173 12.4703 9.19481 12.1606 9.16033 12.281 9.19138 12.4144 9.18893 12.4404 9.23934 12.1763 9.2601 12.235 
9.17481 12.0391 9.05006 12.5198 9.03408 12.5939 9.14894 12.4847 9.20036 12.1333 9.12735 12.4124 9.16314 12.5322 9.20884 12.3619 9.23668 12.1889 9.26243 12.2204 
9.16951 12.0582 9.02194 12.6298 9.01871 12.6516 9.1425 12.5168 9.16905 12.2735 9.09887 12.5347 9.13802 12.6313 9.18775 12.4459 9.23177 12.2141 9.21583 12.4991 
9.14246 12.1554 8.97595 12.8026 8.98569 12.7757 9.12694 12.5866 9.16328 12.2988 9.10193 12.5227 9.10441 12.7711 9.17602 12.4909 9.25083 12.1136 9.20685 12.5481 
9.05868 12.4427 8.96674 12.836 8.96252 12.857 9.10742 12.6681 9.13079 12.4367 9.04865 12.7264 9.10569 12.7662 9.12901 12.671 9.23062 12.2215 9.17773 12.7118 
9.02426 12.5487 8.89978 13.075 8.90375 13.0738 9.13848 12.4046 9.13848 12.4046 8.995 12.9242 9.09566 12.8036 9.09566 12.8036 9.09566 12.8036 9.09566 12.8036 
8.92459 12.8487 8.89172 13.104 8.9124 13.0415 9.13922 12.4017 9.13671 12.4115 8.96364 13.0329 9.06888 12.9068 9.09743 12.7968 9.12498 12.6907 9.07924 12.8669 
8.89828 12.9257 8.81289 13.3707 8.83408 13.3319 9.09007 12.5946 9.15315 12.3511 8.86388 13.3602 9.06221 12.931 9.09717 12.7978 9.10002 12.7856 8.99593 13.1554 
8.84576 13.0725 8.81009 13.3803 8.81135 13.411 9.06424 12.6856 9.212 12.1484 8.838 13.4457 9.05127 12.9714 9.04153 13.0074 9.08326 12.8482 8.97273 13.231 
8.84701 13.0694 8.76242 13.5367 8.77229 13.5386 8.97058 13.0248 9.15852 12.3317 8.80734 13.5517 9.03818 13.0146 8.97318 13.2446 9.02959 13.0324 8.92073 13.3847 
8.87355 13.0022 8.74154 13.6021 8.73939 13.6414 8.97411 13.0119 9.15574 12.3407 8.75783 13.7046 9.0469 12.9843 8.94582 13.3427 8.9551 13.2714 8.82296 13.6546 
8.84614 13.0685 8.69641 13.7343 8.69052 13.7866 8.96904 13.0271 9.13534 12.404 8.73095 13.7861 9.04884 12.9777 8.93395 13.385 8.92264 13.368 8.82091 13.6602 
8.78446 13.2107 8.78446 13.2107 8.70297 13.75 8.94553 13.0922 8.69644 13.8859 8.87451 13.5053 8.87451 13.5053 8.8162 13.6732 8.8162 13.6732 8.8162 13.6732 
8.74436 13.2994 8.73117 13.3285 8.68919 13.7872 8.92759 13.1413 8.69926 13.8775 8.84555 13.5877 8.83922 13.6057 8.78746 13.752 8.75365 13.8446 8.78914 13.7474 
8.74914 13.2882 8.69208 13.4126 8.64964 13.8928 8.85096 13.36 8.62241 14.0873 8.77077 13.7958 8.80438 13.6981 8.77394 13.7876 8.65803 14.0815 8.72776 13.9189 
8.72299 13.3494 8.66784 13.4609 8.61659 13.9747 8.83726 13.3974 8.61636 14.103 8.74831 13.8569 8.84603 13.5886 8.7204 13.9312 8.6614 14.0738 8.67734 14.0597 
8.64289 13.5391 8.64377 13.5073 8.59789 14.0177 8.73702 13.6626 8.5999 14.1433 8.71988 13.9296 8.78515 13.7423 8.67054 14.0618 8.58269 14.2565 8.64373 14.1467 
8.56963 13.7013 8.51581 13.7576 8.56257 14.0987 8.65082 13.905 8.61413 14.1102 8.70675 13.963 8.77138 13.7775 8.56562 14.3426 8.58774 14.2452 8.61577 14.2179 
8.52844 13.7972 8.43936 13.9001 8.53618 14.1584 8.61897 13.9929 8.57483 14.2013 8.66685 14.0698 8.76416 13.7961 8.49465 14.5398 8.48877 14.455 8.59783 14.2603 
8.49228 13.8801 8.49228 13.8801 8.44379 14.3584 8.44379 14.3584 8.57904 14.1922 8.57904 14.1922 8.70527 13.9443 8.70527 13.9443 8.48961 14.4533 8.57669 14.3065 
8.37955 14.1426 8.45864 13.9584 8.41064 14.4267 8.3276 14.598 8.46017 14.441 8.54566 14.2621 8.67333 14.0175 8.64273 14.0877 8.46193 14.5092 8.52004 14.4273 
8.34287 14.221 8.45999 13.9551 8.37881 14.4904 8.28666 14.6787 8.36551 14.6393 8.44233 14.4671 8.61887 14.148 8.61332 14.1537 8.45715 14.5187 8.47108 14.5294 
8.35516 14.1953 8.41708 14.0532 8.3409 14.5625 8.10974 15.0139 8.351 14.6683 8.49969 14.3596 8.5724 14.2561 8.59171 14.202 8.46816 14.4972 8.35525 14.7704 
8.28508 14.3303 8.32109 14.2575 8.30994 14.6196 8.06576 15.0946 8.33369 14.7014 8.46185 14.4289 8.52716 14.3509 8.51746 14.367 8.43574 14.5572 8.32457 14.8346 
8.21266 14.4699 8.26679 14.3769 8.26472 14.7039 8.06534 15.0953 8.31994 14.7275 8.48868 14.3806 8.58731 14.2254 8.47796 14.4522 8.43499 14.5586 8.28486 14.9127 
8.17695 14.5397 8.20517 14.5092 8.15166 14.9053 8.01539 15.1809 8.1672 15.0038 8.50987 14.3434 8.59513 14.2098 8.45708 14.4969 8.34761 14.7197 8.28785 14.9071 
8.24475 14.4119 8.16865 14.5836 8.18499 14.8481 7.99003 15.2244 8.11014 15.1056 8.53237 14.3061 8.65133 14.1068 8.50561 14.3975 8.29231 14.8139 8.24673 14.9785 
8.23506 14.4281 8.17204 14.5774 8.1235 14.9555 7.886 15.3956 8.09084 15.1375 8.38547 14.5423 8.51156 14.3606 8.46615 14.4785 8.20072 14.9625 8.14743 15.1445 
8.06753 15.0519 8.06753 15.0519 8.06753 15.0519 8.06753 15.0519 8.06753 15.0519 8.06753 15.0519 8.06753 15.0519 8.06753 15.0519 8.01451 15.3633 8.01451 15.3633 
8.00103 15.1611 7.93822 15.2643 7.98515 15.1872 7.9803 15.1952 8.0211 15.1282 7.93546 15.2689 8.00295 15.158 7.94992 15.2451 7.82652 15.6687 7.97613 15.4257 
7.9777 15.1988 7.92783 15.2811 7.94215 15.2543 7.83766 15.4315 8.00972 15.1466 7.87018 15.3749 7.89601 15.3311 7.8616 15.3852 7.65676 15.9237 7.86572 15.602 
7.85851 15.3789 7.89038 15.3402 7.87911 15.3514 7.87151 15.3789 7.89617 15.3191 7.72712 15.5935 7.90271 15.3207 7.78186 15.5081 7.61625 15.9852 7.81916 15.6768 
7.84079 15.4043 7.83558 15.4242 7.82855 15.4265 7.83299 15.4371 7.82738 15.4183 7.60022 15.7844 7.88796 15.3427 7.7614 15.5377 7.51104 16.1372 7.72718 15.8213 
7.81233 15.4426 7.76723 15.5274 7.6339 15.7032 7.80998 15.4704 7.74471 15.5369 7.54384 15.8691 7.87505 15.3619 7.771 15.5243 7.54517 16.0875 7.6786 15.8944 
7.80125 15.4567 7.8038 15.4745 7.54643 15.8248 7.54643 15.8248 7.54643 15.8248 7.54643 15.8248 7.54643 15.8248 7.54643 15.8248 7.54643 15.8248 7.54643 15.8248 
7.73172 15.5412 7.68775 15.6474 7.51951 15.8615 7.50999 15.8745 7.42748 15.9869 7.54132 15.8318 7.48322 15.911 7.42473 15.9907 7.41992 15.9972 7.45404 15.9507 
7.75231 15.5165 7.64456 15.7086 7.43896 15.9688 7.42799 15.9817 7.50363 15.8846 7.47269 15.9232 7.37704 16.0505 7.39098 16.0369 7.28228 16.1834 7.40191 16.0226 
7.59796 15.7735 7.59796 15.7735 7.59796 15.7735 7.59796 15.7735 7.59796 15.7735 7.59796 15.7735 7.59796 15.7735 7.59796 15.7735 7.59796 15.7735 7.20978 16.272 
7.44921 15.9742 7.53492 15.8585 7.41971 16.014 7.54166 15.8494 7.54668 15.8427 7.44447 15.9806 7.44502 15.9799 7.47257 15.9427 7.41864 16.0155 7.16441 16.3338 
7.41951 16.0133 7.3954 16.0458 7.29211 16.1856 7.5114 15.888 7.38083 16.0664 7.46504 15.9546 7.30344 16.1674 7.40833 16.0248 7.33626 16.1271 7.12132 16.3927 
7.40383 16.0324 7.2703 16.2053 7.3031 16.1718 7.47457 15.937 7.39321 16.0495 7.40671 16.0254 7.20673 16.3006 7.41181 16.0204 7.15555 16.376 7.10852 16.4106 
7.23116 16.2439 7.19585 16.2981 7.10805 16.4195 7.3319 16.1144 7.20494 16.2992 7.3455 16.0979 7.21011 16.296 7.2791 16.1753 7.05783 16.504 7.08552 16.4405 
7.12771 16.373 7.02848 16.5001 7.02311 16.5265 7.20408 16.2711 7.2138 16.288 7.18277 16.2866 7.2049 16.3028 7.16 16.3126 7.00814 16.5682 7.08439 16.442 
7.0884 16.4187 6.9027 16.6476 6.92397 16.6494 7.16964 16.3122 7.12741 16.3932 7.06105 16.4254 7.06012 16.4797 7.02768 16.4571 6.92951 16.6716 6.98547 16.5712 
7.09834 16.4073 7.09834 16.4073 6.97883 16.5337 6.97883 16.5337 6.97883 16.5337 6.97883 16.5337 6.97883 16.5337 6.97883 16.5337 6.97883 16.5337 6.97883 16.5337 
7.06392 16.4457 6.96165 16.56 6.85403 16.6718 6.92153 16.5971 6.92983 16.5879 6.97901 16.5335 6.93698 16.58 6.99658 16.5141 6.89218 16.6296 6.85737 16.6681 
7.02286 16.4909 6.93217 16.5931 6.76877 16.7655 6.85008 16.6701 6.85868 16.6656 6.92119 16.5968 6.97197 16.5434 6.88551 16.6338 6.80684 16.725 6.84107 16.6852 
6.99714 16.5191 6.86006 16.6726 6.80284 16.7301 6.89216 16.6294 6.77304 16.7534 6.96213 16.5533 6.91495 16.6012 7.01746 16.497 6.68243 16.8603 6.77653 16.7515 
6.90314 16.6189 6.71467 16.8335 6.82659 16.7062 6.88477 16.6361 6.74952 16.7767 7.0001 16.5132 6.8734 16.6432 6.9652 16.5493 6.6684 16.8755 6.73744 16.7922 
6.91753 16.6036 6.91753 16.6036 6.91753 16.6036 6.91753 16.6036 6.91753 16.6036 6.93012 16.585 6.93012 16.585 6.93012 16.585 6.69013 16.8522 6.69013 16.8522 
6.81425 16.7178 6.95366 16.5636 6.8791 16.6461 6.90035 16.6226 6.88888 16.6352 6.92361 16.5917 6.95366 16.5608 6.96377 16.5504 6.62473 16.9208 6.50093 17.0507 
6.94782 16.5717 6.98855 16.5253 6.62879 16.914 6.87328 16.6523 6.91794 16.6045 6.90897 16.6067 6.9073 16.6065 6.92756 16.5862 6.54787 16.9975 6.40125 17.1526 
6.93725 16.5831 6.86629 16.6546 6.59451 16.9506 6.87894 16.6464 6.81656 16.7049 6.81268 16.7038 6.8752 16.637 6.76508 16.7412 6.44094 17.1032 6.39159 17.1622 
6.99664 16.5194 6.7681 16.7529 6.43999 17.1058 6.71063 16.8166 6.79004 16.7305 6.74906 16.7647 6.72565 16.7757 6.63224 16.861 6.34466 17.1928 6.34162 17.2073 
6.6682 16.8474 6.6682 16.8474 6.25699 17.2893 6.25699 17.2893 6.25699 17.2893 6.25699 17.2893 6.25699 17.2893 6.25699 17.2893 6.25699 17.2893 6.25699 17.2893 
6.58539 16.9241 6.5653 16.9427 6.16851 17.376 6.21629 17.3292 6.22309 17.3225 6.21228 17.3331 6.22591 17.3198 6.16982 17.3748 6.23421 17.3116 6.07685 17.4659 
6.46341 17.039 6.29826 17.1977 6.17356 17.3711 5.89443 17.6379 6.07966 17.4612 5.98948 17.5511 6.12861 17.4142 6.0566 17.4872 6.04729 17.486 5.95195 17.5879 
6.34776 17.1427 6.27061 17.223 6.09014 17.45 5.93805 17.5979 6.08792 17.4536 5.89014 17.6462 6.11382 17.4279 5.98283 17.5591 6.05405 17.4799 5.77411 17.7549 
6.28657 17.1954 6.20058 17.2849 6.03927 17.4963 5.75502 17.7656 5.95625 17.5718 5.81661 17.7151 5.98453 17.5446 5.92863 17.6127 5.88127 17.6383 5.79582 17.735 
6.24946 17.2265 6.18383 17.2996 6.18383 17.2996 6.18383 17.2996 6.18383 17.2996 6.18383 17.2996 6.18383 17.2996 6.18383 17.2996 6.18383 17.2996 5.67214 17.8445 
6.16183 17.2986 6.27021 17.2227 6.13706 17.3413 6.13425 17.3438 5.99902 17.4642 6.22523 17.2628 6.11296 17.3627 6.22152 17.2661 6.17324 17.3091 5.53562 17.9625 
5.9948 17.43 6.33984 17.1614 5.99289 17.4701 5.9494 17.5016 5.92373 17.5329 6.26245 17.2294 5.9061 17.5373 6.14293 17.3334 6.06292 17.4041 5.41772 18.0592 
6.07576 17.3677 6.22544 17.2569 5.95206 17.5067 5.85787 17.5791 5.84758 17.5995 6.24158 17.2473 5.83672 17.5911 6.11097 17.3602 6.02556 17.4362 5.55997 17.9463 
5.97958 17.4412 6.12331 17.3426 5.69572 17.7197 5.64367 17.7491 5.73251 17.6959 6.23649 17.2514 5.8333 17.5937 6.15557 17.3229 5.99016 17.4656 5.6008 17.9147 
6.00628 17.4208 5.96015 17.4837 5.62264 17.7815 5.4611 17.8894 5.6493 17.7629 6.30367 17.1971 5.90208 17.5434 6.02052 17.4358 5.86525 17.563 5.56409 17.9428 
5.92716 17.4811 5.93342 17.5059 5.54716 17.8469 5.27436 18.0339 5.5684 17.8277 5.5684 17.8277 5.80136 17.6159 5.61851 17.7506 5.61851 17.7506 5.61851 17.7506 
5.86802 17.5247 5.90065 17.5328 5.64534 17.7623 5.11283 18.1558 5.45698 17.9171 5.54905 17.8432 5.7262 17.6654 5.4955 17.8438 5.62208 17.7479 5.36546 17.9423 
5.86758 17.525 5.8392 17.5833 5.71522 17.7034 5.07946 18.1806 5.38576 17.9742 5.58139 17.8177 5.85588 17.5785 5.5068 17.8353 5.46629 17.868 5.29632 17.9934 
5.91938 17.4861 5.7852 17.6289 5.66298 17.746 5.0765 18.1827 5.22653 18.0969 5.63898 17.7744 5.67198 17.7001 5.40925 17.9046 5.43176 17.8945 5.17 18.0825 
5.66488 17.6778 5.76309 17.6471 5.43896 17.9244 4.95658 18.2634 5.20673 18.112 5.51946 17.8604 5.46565 17.8357 5.25775 18.0122 5.41104 17.9099 4.96067 18.2295 
5.67426 17.6711 5.27235 18.0562 5.18898 18.1252 5.57116 17.8238 5.57116 17.8238 5.12955 18.0994 5.12955 18.0994 5.33153 17.9672 5.33153 17.9672 5.33153 17.9672 
5.66404 17.6781 5.30477 18.0319 5.12763 18.1695 5.62218 17.7868 5.5817 17.8162 5.06583 18.1419 4.89935 18.253 5.22646 18.04 5.19609 18.061 5.31989 17.9753 
5.55896 17.7438 5.22723 18.0866 5.10748 18.184 5.57469 17.8207 5.568 17.8261 4.8952 18.2511 4.71719 18.3681 5.09588 18.1299 5.26879 18.013 5.16958 18.0769 
5.43034 17.8217 5.22176 18.0904 5.2598 18.0723 5.52389 17.8566 5.52344 17.857 4.82806 18.2931 4.72708 18.3617 5.09468 18.1308 5.05478 18.1539 5.2122 18.0495 
5.27306 17.9148 5.02347 18.2161 5.24675 18.0818 5.38364 17.9526 5.31045 18.0009 4.60703 18.4293 4.60333 18.4365 4.86897 18.2852 4.99146 18.1956 5.20758 18.0524 
4.95768 18.2579 4.95768 18.2579 5.17956 18.131 5.18668 18.0845 4.5086 18.4959 4.80164 18.3302 4.77553 18.3327 4.77553 18.3327 5.12673 18.1054 5.12673 18.1054 
4.78473 18.3666 4.75726 18.3839 5.04666 18.2261 5.13091 18.1209 4.36463 18.584 4.43984 18.5675 4.60074 18.4363 4.74086 18.3533 5.00089 18.1885 5.07425 18.1401 
4.62573 18.4706 4.84582 18.3307 4.91543 18.3163 5.03908 18.1806 4.362 18.5856 4.30897 18.6488 4.69698 18.3785 4.51947 18.4818 4.81375 18.3123 4.86289 18.2806 
4.49168 18.5598 4.80094 18.3573 4.94547 18.2964 4.91964 18.2608 4.36483 18.5839 4.18868 18.7201 4.67782 18.3897 4.54631 18.4666 4.61002 18.4436 4.84971 18.2893 
4.37848 18.632 4.73712 18.3943 4.88347 18.3352 4.9336 18.2511 4.31305 18.6143 4.05194 18.7966 4.59194 18.4399 4.46751 18.5105 4.76857 18.3377 4.73028 18.3679 
4.32887 18.6637 4.69854 18.4156 4.85282 18.3538 4.88143 18.2861 4.18702 18.6836 3.96288 18.8458 4.50306 18.4907 4.40073 18.546 4.5987 18.4435 4.62979 18.4336 
4.23932 18.7204 4.59786 18.4698 4.86747 18.3454 4.8504 18.3062 4.25823 18.6453 4.01242 18.8207 4.39643 18.5482 4.25794 18.6192 4.37847 18.5787 4.44513 18.5556 
4.49971 18.5208 4.49971 18.5208 4.62563 18.4799 4.10242 18.7285 3.84318 18.9103 4.34191 18.5766 4.34191 18.5766 4.22506 18.6364 4.22506 18.6364 4.22506 18.6364 
4.37863 18.5822 4.24634 18.6494 4.43297 18.5855 4.09383 18.7329 3.81137 18.9263 4.11984 18.6858 4.41861 18.5389 3.945 18.7854 4.17428 18.6634 4.15364 18.6744 
4.34825 18.5977 3.98281 18.7801 4.37055 18.6187 3.87896 18.8368 3.72539 18.9709 3.9136 18.7812 4.25312 18.6153 3.82803 18.8447 3.95983 18.7711 4.08556 18.7098 
4.20245 18.6694 4.05944 18.7413 4.30792 18.6525 3.91091 18.8222 3.63896 19.016 3.84935 18.8099 4.21318 18.6335 3.84613 18.835 3.95745 18.7723 4.09737 18.7036 
4.10966 18.7117 3.89647 18.8213 4.2596 18.6792 3.74832 18.8973 3.36867 19.1576 3.76098 18.8453 3.91685 18.767 3.80348 18.8566 3.88322 18.8087 4.02428 18.742 
4.06519 18.7311 3.92504 18.8072 4.23878 18.6902 3.67227 18.9319 3.23427 19.2209 3.69544 18.8702 3.80445 18.8171 3.66081 18.9243 3.83632 18.8303 4.10221 18.7021 
3.96987 18.7706 3.69671 18.9154 4.21343 18.7035 3.42616 19.0367 3.04772 19.3028 3.63498 18.8942 3.75262 18.84 3.55473 18.9737 3.68421 18.9031 3.98233 18.7627 
3.77511 18.8795 3.77511 18.8795 4.24808 18.6864 3.32143 19.0773 3.56633 18.9223 3.41155 19.0402 3.59087 18.9474 3.59087 18.9474 3.9133 18.7965 3.9133 18.7965 
3.66922 18.9262 3.68544 18.9191 4.23838 18.6912 3.16468 19.14 3.40872 18.9836 3.36433 19.0605 3.66071 18.9164 3.50234 18.9866 3.85493 18.824 3.88565 18.8095 
3.54582 18.98 3.63165 18.942 4.15132 18.7338 2.96697 19.2189 3.21707 19.0522 3.24289 19.112 3.61436 18.9363 3.36011 19.0509 3.52846 18.9763 3.74918 18.8746 
3.44269 19.0246 3.53777 18.98 3.81839 18.893 2.66142 19.3394 3.02927 19.1149 3.18803 19.1346 3.41736 19.0186 3.22689 19.1124 3.26514 19.0912 3.78242 18.8596 
3.20793 19.1184 3.52662 18.9845 3.75385 18.9226 2.49191 19.4032 3.03889 19.1117 3.08126 19.1756 3.32433 19.0575 3.14571 19.15 3.14904 19.1432 3.84585 18.8319 
3.10307 19.16 3.44123 19.0178 3.65167 18.9681 2.32505 19.4605 2.95085 19.1404 3.00415 19.2033 3.09363 19.1504 3.02312 19.2048 3.08418 19.1706 3.74209 18.877 
2.94351 19.2239 2.94351 19.2239 2.94351 19.2239 2.94351 19.2239 2.91484 19.2346 2.91484 19.2346 3.21491 19.107 3.21491 19.107 3.21491 19.107 3.60065 18.9389 
2.81866 19.2725 2.91072 19.2367 2.8677 19.2534 2.91116 19.2365 2.7854 19.2793 2.80984 19.2709 3.23437 19.1004 3.04331 19.1654 3.13035 19.1358 3.65475 18.915 
2.7088 19.3152 2.91805 19.2338 2.6098 19.356 2.75879 19.2923 2.77697 19.2823 2.77985 19.2802 3.11888 19.139 3.00898 19.1767 2.90255 19.2098 3.36691 19.0371 
2.65955 19.334 2.94633 19.2231 2.42756 19.4272 2.66058 19.3267 2.55072 19.3509 2.64968 19.3193 2.92911 19.1989 2.92761 19.201 2.78758 19.2485 3.16723 19.1161 
2.46313 19.41 2.86413 19.2535 2.53924 19.3844 2.52846 19.3746 2.59605 19.3368 2.59762 19.3355 2.9679 19.1865 2.87323 19.218 2.81912 19.2376 3.0171 19.177 
2.41349 19.4281 2.65509 19.3292 2.45849 19.4152 2.40597 19.4162 2.46413 19.3759 2.57511 19.3424 3.0187 19.1708 2.82804 19.2309 2.79713 19.2448 2.87101 19.2335 
2.34541 19.4513 2.41615 19.415 2.23228 19.5048 2.287 19.4549 2.41588 19.3902 2.43149 19.3848 2.85737 19.2204 2.82429 19.2319 2.80828 19.241 2.76503 19.2774 
2.36332 19.4453 2.28696 19.4571 2.25634 19.4959 2.21015 19.4806 2.413 19.391 2.36195 19.4031 2.8291 19.2287 2.7186 19.2579 2.7377 19.2639 2.59631 19.3458 
2.41088 19.4302 2.30542 19.4515 2.20744 19.5134 1.96984 19.557 2.31928 19.4186 2.22048 19.4392 2.85202 19.222 2.72627 19.256 2.65281 19.29 2.45721 19.398 
2.27311 19.4699 2.14893 19.4998 2.14893 19.4998 2.14893 19.4998 2.14893 19.4998 2.14893 19.4998 2.14893 19.4998 2.14893 19.4998 2.51708 19.3305 2.51708 19.3305 
1.98863 19.5516 2.2332 19.4738 2.1235 19.5076 2.09631 19.516 2.01498 19.5411 1.88058 19.5826 2.02094 19.5393 2.02627 19.5376 2.48537 19.3399 2.40619 19.3635 
1.88595 19.5803 2.01859 19.5343 2.18768 19.4897 2.06176 19.5264 1.86795 19.5835 1.80573 19.6046 1.92333 19.5689 1.8754 19.5805 2.30836 19.3896 2.36105 19.377 
1.7656 19.6118 1.8403 19.581 2.05987 19.5249 2.00605 19.5407 1.84008 19.5913 1.80303 19.6054 1.73957 19.6234 1.75112 19.6126 2.20729 19.4178 2.32226 19.3874 
1.69495 19.6304 1.71566 19.6126 1.94162 19.5561 1.92125 19.5625 1.82899 19.5945 1.80704 19.6042 1.72035 19.6294 1.57836 19.6574 2.21117 19.4167 2.17594 19.4278 
1.5438 19.6728 1.83369 19.5831 1.94026 19.5565 1.78088 19.5978 1.7605 19.6126 1.5889 19.6719 1.77763 19.6123 1.35043 19.7163 2.31756 19.3856 2.13251 19.4391 
1.34625 19.7254 1.64395 19.6332 1.90001 19.5661 1.60705 19.639 1.44647 19.6897 1.43764 19.7188 1.57543 19.6666 1.266 19.7374 2.32068 19.3847 2.22364 19.4137 
1.51366 19.6666 1.51366 19.6666 1.82566 19.5842 1.82566 19.5842 1.82566 19.5842 1.82566 19.5842 1.82566 19.5842 1.82566 19.5842 1.82566 19.5842 2.03675 19.4683 
1.25331 19.7264 1.35826 19.7023 1.7411 19.603 1.734 19.6046 1.65326 19.6226 1.74385 19.6024 1.76461 19.5978 1.69431 19.6134 1.58676 19.6374 1.72814 19.5538 
1.10867 19.7545 1.4064 19.6929 1.52441 19.6457 1.62662 19.6243 1.65126 19.623 1.38979 19.6765 1.67182 19.6168 1.49883 19.6486 1.28924 19.701 1.69759 19.5613 
0.949357 19.7848 1.33054 19.7063 1.46994 19.6554 1.53912 19.6415 1.4696 19.658 1.25195 19.7012 1.48568 19.6512 1.36201 19.673 1.05952 19.7461 1.58774 19.586 
0.829147 19.8077 1.26609 19.7169 1.45888 19.6572 1.33528 19.6807 1.40867 19.6699 1.20008 19.7096 1.37943 19.6692 1.24989 19.6909 0.888625 19.7757 1.45505 19.6106 
0.533755 19.8549 1.06927 19.7489 1.49732 19.6514 1.30296 19.6861 1.2284 19.7029 1.29659 19.6961 1.21666 19.6963 1.15279 19.7034 0.905319 19.7734 1.37604 19.6239 
0.4154 19.8715 0.937026 19.7674 1.57471 19.6397 1.0769 19.7248 1.10792 19.7253 1.35018 19.6903 1.11584 19.7142 1.06087 19.7141 0.805404 19.7862 1.15142 19.6595 
0.286492 19.8885 0.951962 19.7656 1.37394 19.6684 0.950327 19.7428 0.920303 19.7568 1.53276 19.6695 0.971229 19.736 0.936879 19.7267 0.766998 19.7902 0.955926 19.6891 
0.0820387 19.9139 1.01985 19.7576 1.20309 19.6919 0.755301 19.7696 0.957142 19.7517 1.43957 19.6828 0.809487 19.757 0.888761 19.7304 0.616238 19.8053 0.749111 19.7199 
-0.0783981 19.9327 0.8413 19.7789 0.881328 19.7373 0.473676 19.802 0.729184 19.7775 1.14802 19.7266 0.637931 19.779 0.700295 19.7455 0.505786 19.8141 0.506056 19.7534 
-0.194902 19.9437 0.661702 19.7982 0.848636 19.7415 0.304061 19.8204 0.795893 19.7693 1.07446 19.7362 0.613391 19.7812 0.516631 19.7556 0.54155 19.8119 0.354746 19.7703 
-0.166531 19.9415 0.484645 19.8139 0.704215 19.7577 0.297393 19.8213 0.835877 19.7656 1.15308 19.7281 0.426708 19.7983 0.361971 19.7585 0.378418 19.8197 0.214314 19.7852 
0.0272111 19.9334 0.539127 19.8104 0.690776 19.7592 0.133822 19.8379 0.754511 19.7735 1.05494 19.7369 0.436303 19.7975 0.436046 19.7567 0.230149 19.8284 0.0801566 19.7981 
0.524451 19.8112 0.468217 19.7793 0.468217 19.7793 0.00338587 19.8484 0.00338587 19.8484 0.00338587 19.8484 0.436731 19.7975 0.436731 19.7975 0.436731 19.7975 -0.0213659 19.8054 
0.400605 19.8161 0.513586 19.7769 0.424741 19.7815 -0.31144 19.8659 -0.284523 19.8644 0.100534 19.843 0.269016 19.8091 0.307645 19.8064 0.435696 19.7975 -0.077168 19.8086 
0.313328 19.8178 0.421847 19.7811 0.153275 19.7958 -0.498134 19.8746 -0.445414 19.8707 0.159347 19.84 0.160123 19.8148 0.140928 19.8157 0.328845 19.8032 -0.182172 19.8146 
0.107779 19.821 0.187965 19.7876 0.178227 19.7951 -0.660875 19.8816 -0.500659 19.8728 0.260289 19.8357 0.218943 19.813 0.0698383 19.8201 0.256493 19.8058 -0.236119 19.8162 
0.0175998 19.8216 0.0766125 19.7881 0.0441586 19.7987 -0.718185 19.8838 -0.723914 19.8763 0.146248 19.8379 0.297252 19.8123 0.0370555 19.8219 0.213999 19.8068 -0.11782 19.8156 
0.0167722 19.8217 -0.0655823 19.8031 -0.0655823 19.8031 -0.0655823 19.8031 -0.0655823 19.8031 -0.0655823 19.8031 -0.0655823 19.8031 -0.0889024 19.8257 -0.0889024 19.8257 -0.0889024 19.8257 
-0.12985 19.8047 -0.12985 19.8047 -0.247633 19.8077 -0.247633 19.8077 -0.247633 19.8077 -0.247633 19.8077 -0.247633 19.8077 -0.247633 19.8077 -0.247633 19.8077 -0.247633 19.8077 
-0.1169 19.8044 -0.1169 19.8044 -0.1169 19.8044 -0.233507 19.8077 -0.417711 19.8079 -0.417711 19.8079 -0.553744 19.8081 -0.553744 19.8081 -0.553744 19.8081 -0.225778 19.8077 
-0.136443 19.8053 -0.195715 19.808 -0.29837 19.8127 -0.393103 19.8087 -0.550382 19.8095 -0.636213 19.8106 -0.744195 19.812 -0.609428 19.8092 -0.557424 19.8082 -0.385032 19.8086 
-0.178226 19.8068 -0.2259 19.8094 -0.431713 19.8165 -0.52779 19.8057 -0.644403 19.8095 -0.866762 19.8127 -0.777562 19.8124 -0.623191 19.8094 -0.747605 19.8121 -0.464875 19.8093 
-0.311589 19.8124 -0.176158 19.8075 -0.45614 19.8173 -0.4936 19.8063 -0.564192 19.809 -0.946815 19.8123 -0.725513 19.812 -0.733932 19.8098 -0.890075 19.816 -0.46869 19.8093 
-0.650342 19.8235 -0.157392 19.8069 -0.562003 19.8186 -0.563069 19.8045 -0.708519 19.8114 -1.06266 19.8133 -0.978647 19.8128 -0.884356 19.8084 -0.84122 19.814 -0.645478 19.8116 
-0.559646 19.8216 -0.150602 19.8068 -0.715036 19.8198 -0.78751 19.7945 -0.7899 19.8103 -1.07551 19.8132 -1.03521 19.8115 -0.985642 19.8056 -1.12854 19.8195 -0.761726 19.8126 
-0.541012 19.8214 -0.29996 19.8068 -0.904949 19.8201 -1.11469 19.8123 -1.11469 19.8123 -0.933664 19.8155 -1.1018 19.8041 -1.1018 19.8041 -0.660974 19.8137 -0.660974 19.8137 
-0.772343 19.8188 -0.450001 19.8042 -0.931831 19.8192 -1.43437 19.8026 -1.11313 19.8124 -0.976067 19.8128 -1.18597 19.8008 -1.18804 19.8007 -0.616698 19.8149 -0.72218 19.812 
-0.892479 19.8162 -0.592487 19.7988 -1.09355 19.811 -1.56562 19.7986 -1.08197 19.8133 -1.11171 19.8026 -1.24109 19.7984 -1.42943 19.7866 -0.799796 19.8092 -0.650763 19.8134 
-0.893838 19.8162 -0.807241 19.7869 -1.00601 19.8163 -1.48434 19.8012 -1.18031 19.8077 -1.15597 19.7984 -1.33797 19.7913 -1.40324 19.7879 -0.886848 19.8056 -0.876825 19.812 
-0.949461 19.8141 -0.883275 19.7829 -1.30852 19.797 -1.47564 19.8015 -1.02576 19.819 -1.24384 19.7896 -1.38505 19.7879 -1.55482 19.7782 -0.943424 19.8033 -0.985508 19.8106 
-1.03132 19.8113 -0.908588 19.7816 -1.53684 19.7786 -1.56062 19.7967 -1.0677 19.8155 -1.37978 19.777 -1.55933 19.7741 -1.82682 19.7636 -0.998802 19.8019 -1.02253 19.8094 
-1.17026 19.8058 -1.0442 19.7731 -1.67167 19.7648 -1.68769 19.79 -1.18272 19.8074 -1.26565 19.7887 -1.59303 19.771 -1.90405 19.7589 -1.22201 19.7944 -1.13707 19.8043 
-1.32765 19.7952 -1.14086 19.7654 -1.75308 19.754 -1.69256 19.7897 -1.41774 19.7865 -1.28516 19.7865 -1.55963 19.7749 -2.04458 19.747 -1.25276 19.7934 -1.28265 19.7953 
-1.56944 19.7761 -1.22837 19.7559 -1.67755 19.7645 -1.66954 19.7925 -1.40149 19.7881 -1.24636 19.7912 -1.64066 19.7629 -2.2631 19.7244 -1.38507 19.787 -1.45842 19.7813 
-1.79227 19.7542 -1.82942 19.7425 -1.82942 19.7425 -1.82942 19.7425 -1.47728 19.7795 -1.47728 19.7795 -1.47728 19.7795 -1.47728 19.7795 -1.47728 19.7795 -1.47728 19.7795 
-1.73625 19.7598 -1.98331 19.717 -1.85036 19.739 -1.78564 19.7497 -1.52556 19.7749 -1.66064 19.7621 -1.5949 19.7684 -1.57687 19.7701 -1.48142 19.7791 -1.65398 19.7628 
-1.91983 19.7402 -2.24004 19.6721 -2.02023 19.7085 -2.05137 19.7058 -1.64056 19.7644 -1.72896 19.7545 -1.59872 19.768 -1.6677 19.7597 -1.88385 19.736 -1.69833 19.7585 
-1.98099 19.7337 -2.37114 19.648 -2.10333 19.6935 -2.2186 19.6772 -1.83171 19.7462 -1.7528 19.7517 -1.53366 19.7753 -1.76672 19.7464 -2.10741 19.7095 -1.95424 19.7344 
-2.10644 19.7183 -2.51722 19.6182 -2.12226 19.6899 -2.43771 19.6374 -1.8521 19.7439 -1.82098 19.7438 -1.60819 19.7665 -1.81896 19.7378 -2.17292 19.7005 -2.17586 19.7113 
-2.19839 19.7069 -2.68755 19.5816 -2.06768 19.7005 -2.69195 19.587 -2.10826 19.7139 -2.14226 19.706 -1.92335 19.7213 -1.92516 19.7193 -2.51601 19.655 -2.17793 19.7111 
-2.52351 19.6635 -2.85099 19.5438 -2.2009 19.6745 -2.2009 19.6745 -2.2009 19.6745 -2.2009 19.6745 -2.2009 19.6745 -2.2009 19.6745 -2.2009 19.6745 -2.2009 19.6745 
-2.67755 19.6402 -2.73004 19.5701 -2.26992 19.6614 -2.26922 19.6616 -2.25928 19.6635 -2.28978 19.6577 -2.30518 19.6547 -2.21336 19.6722 -2.27014 19.6614 -2.36915 19.6426 
-2.98218 19.5903 -2.86421 19.5374 -2.36946 19.6407 -2.28115 19.6588 -2.46555 19.6211 -2.378 19.6407 -2.36487 19.6432 -2.30366 19.6517 -2.62609 19.5847 -2.71463 19.5671 
-3.23507 19.545 -2.73077 19.5738 -2.50265 19.6099 -2.43884 19.6198 -2.54356 19.6046 -2.431 19.6305 -2.41745 19.6314 -2.38602 19.6324 -2.72816 19.5608 -2.66858 19.5771 
-3.38461 19.5147 -2.9187 19.5181 -2.5356 19.601 -2.48262 19.6088 -2.46952 19.6208 -2.53718 19.61 -2.3916 19.6379 -2.48691 19.6071 -2.96617 19.4985 -2.77018 19.5545 
-3.46742 19.4976 -3.04338 19.4792 -2.59862 19.5816 -2.39407 19.6297 -2.58245 19.5957 -2.66688 19.5835 -2.34589 19.6492 -2.72267 19.5427 -2.95852 19.5005 -2.88991 19.5286 
-3.46175 19.4989 -3.21543 19.4237 -2.77362 19.5259 -2.52044 19.5982 -2.59631 19.5924 -2.84735 19.545 -2.58768 19.5858 -2.79571 19.5198 -3.16543 19.4412 -2.92694 19.5196 
-3.57467 19.4703 -3.30083 19.3952 -2.74215 19.5362 -2.62972 19.5709 -2.71186 19.5649 -3.02385 19.5071 -2.71053 19.5504 -2.81077 19.5147 -3.10508 19.4586 -2.88031 19.5318 
-3.38364 19.365 -2.64214 19.5679 -2.72057 19.5627 -2.9758 19.5181 -2.80488 19.5215 -3.02769 19.4402 -3.23051 19.4203 -3.23051 19.4203 -3.15226 19.4602 -3.15226 19.4602 
-3.34531 19.3798 -2.92453 19.4989 -2.75166 19.5547 -2.93366 19.5278 -2.94938 19.4789 -3.27539 19.3463 -3.29153 19.4015 -3.17325 19.4379 -3.19652 19.4485 -3.28642 19.4248 
-3.43762 19.3448 -2.92294 19.4993 -2.73969 19.558 -3.00421 19.5106 -2.98611 19.4682 -3.34561 19.3191 -3.49932 19.3348 -3.36786 19.3715 -3.33564 19.4095 -3.39588 19.3925 
-3.53337 19.3063 -2.87792 19.5112 -2.62808 19.5919 -3.09944 19.4845 -3.06072 19.4434 -3.52679 19.2412 -3.66242 19.2798 -3.43145 19.3481 -3.33665 19.4092 -3.63599 19.3166 
-3.60006 19.2776 -2.92003 19.4998 -2.65045 19.5844 -3.14183 19.472 -3.10549 19.4282 -3.56474 19.2233 -3.72902 19.2551 -3.64611 19.2647 -3.28513 19.4252 -3.80058 19.2601 
-3.02526 19.4714 -3.26782 19.4357 -3.33175 19.347 -3.84757 19.2088 -3.81495 19.1969 -3.25126 19.4361 -3.25126 19.4361 -3.85345 19.2413 -3.85345 19.2413 -3.85345 19.2413 
-3.08394 19.4549 -3.31571 19.4218 -3.44939 19.2994 -3.91254 19.1824 -4.01652 19.1085 -3.14009 19.4729 -3.30777 19.4174 -4.02503 19.179 -3.93829 19.2105 -3.83131 19.2494 
-3.19706 19.421 -3.36626 19.4067 -3.56269 19.2523 -3.99617 19.1476 -4.21941 19.0163 -3.35016 19.4012 -3.60867 19.31 -4.09041 19.1552 -4.03157 19.1742 -3.97684 19.1941 
-3.38567 19.3601 -3.54464 19.3468 -3.67729 19.2019 -4.09689 19.1027 -4.2746 18.9899 -3.50218 19.3482 -3.7654 19.2485 -4.13771 19.1368 -4.09515 19.1479 -4.18047 19.1129 
-3.41895 19.3492 -3.7595 19.2713 -3.78837 19.1532 -4.36255 18.9751 -4.35956 18.947 -3.65205 19.2939 -3.97217 19.1652 -4.35229 19.048 -4.10377 19.1443 -4.43767 19.0076 
-4.1068 19.1461 -4.1068 19.1461 -3.75821 19.1672 -4.00081 19.1534 -4.00081 19.1534 -4.00081 19.1534 -4.63227 18.9312 -4.29377 19.0641 -4.29377 19.0641 -4.64126 18.9243 
-4.31498 19.0661 -4.26132 19.0867 -3.9525 19.0768 -4.23468 19.0533 -3.98418 19.1605 -4.11699 19.1037 -4.83752 18.8451 -4.30353 19.06 -4.50816 18.9751 -4.87157 18.8255 
-4.65309 18.9356 -4.28716 19.0767 -4.03321 19.037 -4.3798 18.9921 -4.00663 19.1502 -4.20616 19.063 -5.00349 18.7748 -4.46777 18.992 -4.66604 18.9077 -5.04231 18.7457 
-4.64964 18.9369 -4.30658 19.0689 -4.09507 19.0063 -4.59365 18.8979 -4.10347 19.1048 -4.30136 19.0188 -5.11016 18.7276 -4.58516 18.9432 -4.68985 18.8975 -5.02774 18.7529 
-4.37322 19.0423 -4.37322 19.0423 -4.15804 18.9733 -4.82973 18.7957 -4.3046 19.0075 -4.51788 18.9142 -4.51788 18.9142 -4.72182 18.8841 -4.72182 18.8841 -4.72182 18.8841 
-4.5602 18.9604 -4.46984 19 -4.42726 18.8246 -4.83942 18.7914 -4.25907 19.0301 -4.65831 18.8414 -4.78169 18.7774 -4.92495 18.7905 -4.83228 18.8332 -4.76465 18.8644 
-4.75943 18.8762 -4.64286 18.9194 -4.50628 18.7808 -4.95573 18.7378 -4.39538 18.9637 -4.68087 18.8296 -4.65387 18.8457 -5.14358 18.6918 -5.00587 18.7528 -4.90983 18.797 
-4.77739 18.8687 -4.73046 18.8782 -4.47248 18.8 -5.09578 18.6706 -4.33914 18.9917 -4.75726 18.7885 -4.60309 18.8729 -5.25248 18.6421 -5.17857 18.6713 -5.06282 18.7241 
-4.87104 18.8271 -4.87104 18.8271 -4.87104 18.8271 -4.87104 18.8271 -4.87104 18.8271 -4.87104 18.8271 -4.87104 18.8271 -4.87104 18.8271 -5.33814 18.597 -5.36262 18.5759 
-5.04495 18.7529 -5.15175 18.7074 -5.11557 18.7228 -5.02805 18.7601 -4.93095 18.8015 -4.8831 18.8219 -4.84095 18.8399 -4.83763 18.8413 -5.34201 18.5951 -5.49213 18.5126 
-5.04417 18.7533 -5.27667 18.6542 -5.06701 18.7423 -5.20391 18.6867 -5.00645 18.7698 -5.13795 18.7127 -4.84393 18.8386 -4.90904 18.8115 -5.5227 18.5099 -5.55125 18.4848 
-5.03572 18.7574 -5.22895 18.6758 -5.0483 18.75 -5.14367 18.7141 -4.96437 18.7886 -5.3022 18.635 -5.11172 18.7217 -4.95148 18.7922 -5.55449 18.4944 -5.69756 18.4174 
-5.01431 18.7677 -5.27872 18.6532 -5.02665 18.7597 -5.3452 18.6166 -4.91861 18.8091 -5.20023 18.6848 -5.25133 18.6589 -4.93111 18.8018 -5.77933 18.3844 -5.59138 18.4671 
-5.17517 18.6851 -5.17517 18.6851 -5.17517 18.6851 -5.65837 18.4613 -5.65837 18.4613 -5.13429 18.7198 -5.13429 18.7198 -5.13429 18.7198 -5.13429 18.7198 -5.13429 18.7198 
-5.38008 18.5798 -5.33573 18.6026 -5.32847 18.6063 -5.68879 18.4458 -5.66802 18.4564 -5.14464 18.7142 -5.15564 18.7083 -5.09707 18.7397 -5.10947 18.7331 -5.19986 18.6846 
-5.39866 18.5698 -5.43916 18.5476 -5.48233 18.5257 -5.65778 18.4626 -5.73913 18.4205 -5.25519 18.6506 -5.1943 18.6867 -5.2596 18.6458 -5.26715 18.647 -5.24927 18.6566 
-5.51345 18.5043 -5.5777 18.4743 -5.52662 18.5007 -5.70196 18.4377 -5.81363 18.3836 -5.40974 18.5576 -5.3573 18.5869 -5.46415 18.5225 -5.33967 18.6064 -5.28126 18.6376 
-5.46968 18.5281 -5.78129 18.3636 -5.63422 18.4406 -5.73381 18.4195 -5.89577 18.3404 -5.49875 18.5049 -5.47974 18.5088 -5.55096 18.4701 -5.66859 18.4174 -5.44047 18.5391 
-5.35416 18.5909 -5.7539 18.3782 -5.63593 18.4397 -5.85502 18.3461 -6.12476 18.2174 -5.49469 18.5074 -5.65687 18.3971 -5.57302 18.4567 -5.78598 18.3452 -5.50183 18.4994 
-5.90026 18.2943 -5.90026 18.2943 -5.66761 18.4207 -5.66761 18.4207 -5.66761 18.4207 -5.66761 18.4207 -5.66761 18.4207 -5.66761 18.4207 -5.97918 18.2234 -5.55062 18.4664 
-5.90418 18.292 -5.88788 18.3015 -5.67724 18.4146 -5.74502 18.372 -5.54662 18.4968 -5.77018 18.3562 -5.7645 18.3597 -5.81866 18.3257 -6.0003 18.2101 -5.64023 18.4053 
-6.26603 18.0783 -6.07556 18.1895 -5.76381 18.3601 -5.80433 18.3349 -5.71368 18.389 -5.75713 18.3647 -5.8331 18.316 -5.92006 18.2656 -6.06784 18.168 -5.72857 18.3448 
-6.25253 18.0863 -6.1197 18.1631 -5.88648 18.2815 -5.90235 18.2716 -5.71622 18.3873 -5.99156 18.2044 -5.8898 18.2812 -6.06798 18.1798 -6.21379 18.0683 -5.80704 18.2887 
-6.22701 18.1018 -6.19596 18.117 -6.08486 18.1461 -5.92377 18.2572 -5.74972 18.365 -6.1123 18.1206 -5.96305 18.2371 -6.20074 18.1007 -6.27241 18.0299 -5.9657 18.1777 
-6.27482 18.0721 -6.19007 18.1206 -6.07434 18.1533 -6.06739 18.157 -5.68635 18.4081 -6.17743 18.0751 -6.09419 18.1591 -6.23361 18.0806 -6.24268 18.0495 -5.91825 18.2121 
-6.30463 18.0537 -6.18621 18.123 -6.13605 18.1096 -6.13513 18.1097 -5.70289 18.3964 -6.10558 18.1249 -6.18044 18.1084 -6.18078 18.1137 -6.32555 17.9932 -6.09726 18.0816 
-6.32634 18.0396 -6.24308 18.0863 -6.15537 18.0952 -6.2379 18.0362 -5.66728 18.4214 -6.11853 18.1152 -6.26979 18.0538 -6.31387 18.0257 -6.36205 17.9684 -6.11359 18.069 
-6.38237 18.0019 -6.35644 18.0114 -6.24274 18.0275 -6.26854 18.0149 -5.72163 18.3812 -6.16468 18.0814 -6.32026 18.0226 -6.42304 17.9505 -6.51569 17.8648 -6.19734 18.0044 
-6.43377 17.8832 -6.43377 17.8832 -6.43377 17.8832 -6.44782 17.8886 -6.24561 18.0204 -6.24561 18.0204 -6.56205 17.8531 -6.60989 17.7968 -6.60989 17.7968 -6.38988 17.8517 
-6.40143 17.9086 -6.59989 17.7527 -6.56997 17.7762 -6.604 17.7744 -6.30065 17.9769 -6.2551 18.0129 -6.67502 17.7712 -6.81344 17.6418 -6.68481 17.7398 -6.40887 17.8363 
-6.52741 17.804 -6.69425 17.6763 -6.56755 17.7781 -6.73429 17.6783 -6.27707 17.9954 -6.25925 18.0096 -6.67445 17.7717 -6.92506 17.5535 -6.85589 17.6119 -6.44857 17.8016 
-6.61964 17.7261 -6.64075 17.7199 -6.5383 17.8025 -6.77431 17.6494 -6.3233 17.9607 -6.36702 17.9248 -6.71602 17.7389 -6.92261 17.5554 -6.97703 17.5169 -6.56154 17.7052 
-6.55632 17.7817 -6.72365 17.6477 -6.53609 17.8044 -6.88676 17.5672 -6.5052 17.8225 -6.31917 17.963 -6.79151 17.6794 -7.01386 17.4785 -7.05873 17.4527 -6.7944 17.4978 
-6.6713 17.6717 -6.78764 17.5906 -6.69577 17.6705 -7.07714 17.4227 -6.58812 17.7593 -6.2942 17.9832 -6.87041 17.6166 -7.13192 17.375 -7.28533 17.2706 -6.79148 17.5003 
-6.70788 17.6353 -6.82468 17.5571 -6.8644 17.5268 -7.16787 17.3516 -6.6178 17.7356 -6.3182 17.9634 -6.87077 17.6163 -7.27696 17.2442 -7.27104 17.2824 -6.83865 17.4598 
-6.83655 17.5049 -6.92864 17.4611 -6.86476 17.5265 -7.19593 17.3298 -6.48735 17.8403 -6.34879 17.9377 -6.83994 17.6412 -7.3448 17.1811 -7.28153 17.2736 -6.87868 17.4256 
-6.9136 17.4218 -6.83853 17.5418 -6.97024 17.437 -7.29121 17.2521 -6.5661 17.7804 -6.2122 18.0554 -6.75261 17.7142 -7.40783 17.1247 -7.37727 17.1916 -6.97225 17.3454 
-7.03039 17.2958 -6.86798 17.5144 -7.02111 17.3914 -7.3766 17.1814 -6.67862 17.6917 -6.19758 18.0686 -6.84955 17.635 -7.52161 17.0146 -7.43459 17.1411 -7.18097 17.1626 
-6.98028 17.4083 -6.98028 17.4083 -7.14125 17.2787 -7.14125 17.2787 -7.14125 17.2787 -6.89269 17.5992 -7.5862 16.9509 -7.5862 16.9509 -7.59792 16.993 -7.37909 16.9921 
-7.07076 17.3218 -7.08228 17.3108 -7.29128 17.1352 -7.08526 17.3323 -7.3932 17.0376 -6.79053 17.6883 -7.60427 16.9324 -7.75414 16.779 -7.61764 16.9747 -7.37124 16.9987 
-7.13567 17.2592 -6.9132 17.4762 -7.32984 17.0962 -7.09737 17.3202 -7.42635 17.006 -6.73682 17.7359 -7.67255 16.8621 -7.80288 16.7294 -7.6606 16.934 -7.34969 17.0178 
-7.19971 17.1964 -6.97564 17.4137 -7.39756 17.0245 -7.18316 17.2321 -7.49604 16.9378 -6.81315 17.6671 -7.86695 16.6591 -7.91064 16.6177 -7.66906 16.9259 -7.40758 16.9659 
-7.11912 17.2759 -6.95716 17.4323 -7.48518 16.9307 -7.20175 17.2124 -7.49665 16.9372 -6.94199 17.5501 -7.98762 16.5318 -7.99256 16.5324 -7.76494 16.8317 -7.4759 16.9028 
-7.0892 17.3064 -6.92726 17.4632 -7.59824 16.8106 -7.18515 17.2311 -7.6151 16.815 -6.9499 17.5426 -8.09289 16.4218 -8.06217 16.4586 -7.7928 16.8037 -7.44815 16.9292 
-7.23144 17.1525 -6.92412 17.4666 -7.69371 16.7079 -7.37233 17.0138 -7.79441 16.625 -6.99553 17.4975 -8.11459 16.3979 -8.21368 16.2968 -7.78017 16.8169 -7.37917 16.9966 
-7.21231 17.1738 -7.06484 17.3161 -7.75947 16.6364 -7.35638 17.0332 -7.97362 16.435 -6.98291 17.511 -8.26415 16.2233 -8.29258 16.2105 -7.87045 16.7197 -7.38717 16.9886 
-7.2402 17.1429 -7.79097 16.6007 -7.33718 17.0574 -7.98387 16.4236 -7.98387 16.4236 -8.33294 16.1398 -8.3131 16.1867 -7.79711 16.8001 -7.79711 16.8001 -7.53726 16.8314 
-7.33596 17.0357 -7.86448 16.5144 -7.23345 17.1895 -7.97309 16.4358 -7.95512 16.4562 -8.30525 16.174 -8.239 16.2702 -7.84622 16.7457 -7.83637 16.7566 -7.5096 16.8623 
-7.54768 16.7973 -7.99899 16.355 -7.24183 17.1786 -8.00918 16.3941 -8.07887 16.3085 -8.24619 16.2494 -8.20997 16.3034 -7.98252 16.5906 -7.81795 16.7766 -7.65634 16.6961 
-7.65741 16.6744 -7.98809 16.3686 -7.40663 16.9536 -8.02021 16.3808 -8.09352 16.2906 -8.33382 16.1322 -8.28473 16.2193 -8.10521 16.4429 -7.81623 16.7785 -7.74745 16.5856 
-7.7107 16.6126 -7.99528 16.3593 -7.43847 16.9096 -7.94165 16.4761 -8.19176 16.1724 -8.32884 16.1391 -8.30779 16.1925 -8.17783 16.3551 -7.93679 16.6433 -7.75867 16.5715 
-7.77953 16.5352 -8.14471 16.1604 -7.47319 16.8611 -7.95666 16.4578 -8.305 16.0313 -8.46495 15.9481 -8.38722 16.0981 -8.24336 16.2725 -7.95977 16.6159 -7.89877 16.3903 
-7.87433 16.4276 -8.21647 16.0659 -7.64667 16.6191 -7.97379 16.4365 -8.3374 15.9892 -8.55145 15.8311 -8.36771 16.1215 -8.3971 16.0774 -8.02938 16.5309 -8.05019 16.1891 
-7.79978 16.5131 -8.0986 16.281 -8.0986 16.281 -8.43486 16.0363 -8.43486 16.0363 -8.44056 16.0214 -8.44056 16.0214 -8.44056 16.0214 -7.98078 16.5899 -8.13743 16.0691 
-7.86101 16.4435 -7.86101 16.4435 -8.08828 16.2948 -8.51463 15.9319 -8.51463 15.9319 -8.51463 15.9319 -8.51463 15.9319 -8.51463 15.9319 -8.51463 15.9319 -8.51463 15.9319 
-7.86261 16.4416 -7.94233 16.3468 -7.94233 16.3468 -8.53746 15.9013 -8.53746 15.9013 -8.53746 15.9013 -8.53746 15.9013 -8.53746 15.9013 -8.53746 15.9013 -8.53746 15.9013 
-7.89302 16.4048 -8.12007 16.1394 -8.02721 16.2477 -8.65078 15.7502 -8.57617 15.8497 -8.57891 15.846 -8.52872 15.913 -8.68694 15.702 -8.59767 15.821 -8.50486 15.9448 
-7.95935 16.3218 -8.27793 15.9599 -8.19244 16.0565 -8.69618 15.6864 -8.63941 15.7636 -8.59696 15.8217 -8.5873 15.8322 -8.73905 15.6296 -8.70932 15.6568 -8.53396 15.9044 
-8.00856 16.2597 -8.00856 16.2597 -8.00856 16.2597 -8.00856 16.2597 -8.00856 16.2597 -8.00856 16.2597 -8.00856 16.2597 -8.00856 16.2597 -8.00856 16.2597 -8.00856 16.2597 
-8.11074 16.1353 -7.90773 16.3826 -7.98772 16.2851 -8.17619 16.0555 -8.11297 16.1326 -8.14799 16.0899 -8.0832 16.1688 -8.11993 16.1241 -7.93764 16.3462 -8.04135 16.2198 
-8.12019 16.1237 -8.0379 16.2218 -8.06029 16.1972 -8.30561 15.8917 -8.16561 16.0647 -8.18846 16.0414 -8.27068 15.9436 -8.23345 15.9821 -7.98066 16.2922 -8.11887 16.1254 
-8.24928 15.9583 -8.10314 16.1415 -8.36069 15.8204 -8.36069 15.8204 -8.36069 15.8204 -8.36069 15.8204 -8.36069 15.8204 -8.36069 15.8204 -8.36069 15.8204 -8.36069 15.8204 
-8.31474 15.8741 -8.21131 16.0025 -8.36548 15.814 -8.30473 15.8954 -8.34888 15.8362 -8.37143 15.806 -8.40484 15.7613 -8.50823 15.6227 -8.43708 15.7181 -8.37247 15.8046 
-8.48611 15.6566 -8.32216 15.8546 -8.43377 15.7169 -8.3062 15.8934 -8.38075 15.794 -8.37136 15.8061 -8.51021 15.6144 -8.59886 15.499 -8.5022 15.6274 -8.39195 15.7777 
-8.48795 15.6542 -8.39205 15.7577 -8.53273 15.5773 -8.40186 15.7626 -8.47002 15.6752 -8.39129 15.7769 -8.52294 15.5959 -8.62654 15.4612 -8.54139 15.572 -8.47354 15.6642 
-8.60685 15.4716 -8.60685 15.4716 -8.38434 15.7867 -8.55977 15.5423 -8.55977 15.5423 -8.70231 15.3558 -8.60101 15.4878 -8.60101 15.4878 -8.60101 15.4878 -8.5275 15.5843 
-8.60902 15.4681 -8.77461 15.2071 -8.5143 15.5936 -8.71309 15.312 -8.65875 15.3936 -8.7143 15.3389 -8.69527 15.3434 -8.68934 15.3524 -8.72702 15.2947 -8.63084 15.4292 
-8.73832 15.2719 -8.95113 14.9404 -8.64275 15.4078 -8.84282 15.1106 -8.68246 15.3571 -8.89079 15.0833 -8.73423 15.2828 -8.71263 15.3163 -8.76582 15.2331 -8.71395 15.3073 
-8.78328 15.201 -8.93764 14.9611 -8.71943 15.2949 -8.89442 15.0272 -8.78166 15.1985 -8.89541 15.076 -8.79883 15.1796 -8.60781 15.4829 -8.89548 15.0125 -8.82573 15.1366 
-8.8852 15.0383 -9.02991 14.8159 -8.72542 15.2861 -8.99392 14.8571 -8.84471 15.0944 -8.85031 15.1513 -8.80717 15.1664 -8.60078 15.4942 -8.99793 14.8362 -8.86645 15.0735 
-9.07066 14.7348 -8.78417 15.2002 -9.06579 14.7346 -9.06579 14.7346 -8.89716 15.0042 -8.96501 14.9538 -8.90971 14.9958 -8.98961 14.8506 -8.98961 14.8506 -8.98961 14.8506 
-9.11599 14.6587 -8.79553 15.1825 -9.13951 14.5983 -9.17299 14.5364 -8.99794 14.8251 -9.02218 14.8509 -8.97013 14.8925 -9.09559 14.6509 -9.00135 14.8285 -9.04257 14.7508 
-9.19059 14.5299 -8.83048 15.1282 -9.14555 14.5869 -9.15084 14.579 -9.10655 14.6293 -9.05242 14.7953 -9.02863 14.7932 -9.22857 14.3902 -9.07174 14.6967 -9.11818 14.6092 
-9.27232 14.3811 -8.90274 15.0184 -9.1327 14.6134 -9.15135 14.578 -9.17703 14.4988 -9.1249 14.6612 -8.96868 14.8973 -9.20083 14.4468 -9.12763 14.5933 -9.15183 14.5388 
-9.32975 14.2755 -8.93894 14.9621 -9.16456 14.5396 -9.15049 14.5797 -9.16964 14.513 -9.29736 14.3446 -9.00327 14.8349 -9.23241 14.3817 -9.21698 14.4246 -9.20726 14.4219 
-9.38115 14.1804 -8.95746 14.9318 -9.23729 14.3705 -9.17539 14.5286 -9.17719 14.4977 -9.33225 14.2791 -9.04261 14.7571 -9.29153 14.2558 -9.31869 14.2247 -9.25842 14.3041 
-9.45022 14.0514 -9.17494 14.5295 -9.17048 14.5123 -9.28741 14.3627 -9.12716 14.5888 -9.30113 14.2349 -9.34579 14.1717 -9.34579 14.1717 -9.24521 14.3341 -9.24521 14.3341 
-9.47348 14.0041 -9.17199 14.5361 -9.25171 14.3304 -9.39786 14.1484 -9.16524 14.508 -9.34575 14.1306 -9.37192 14.1214 -9.32976 14.2026 -9.29099 14.2247 -9.2917 14.223 
-9.57882 13.7819 -9.23012 14.4006 -9.35071 14.0952 -9.46099 14.0211 -9.25361 14.3146 -9.40148 13.9943 -9.446 13.972 -9.47848 13.9229 -9.31904 14.1558 -9.40065 13.9671 
-9.53806 13.8756 -9.29093 14.2505 -9.28879 14.246 -9.49455 13.9525 -9.29771 14.2146 -9.40487 13.9855 -9.50209 13.8563 -9.52254 13.8367 -9.33949 14.1015 -9.40583 13.9542 
-9.59788 13.7326 -9.33198 14.145 -9.37786 14.0222 -9.50851 13.9234 -9.38321 14.0169 -9.45444 13.8512 -9.57355 13.7072 -9.53391 13.8141 -9.39929 13.9269 -9.42498 13.9048 
-9.64691 13.6112 -9.35634 14.0841 -9.45627 13.8341 -9.58194 13.7735 -9.48384 13.7831 -9.47545 13.7919 -9.53874 13.7788 -9.57794 13.7255 -9.4277 13.8415 -9.47002 13.7849 
-9.69634 13.4757 -9.4313 13.8845 -9.4711 13.7984 -9.56118 13.8153 -9.52601 13.6789 -9.48438 13.7661 -9.58529 13.6807 -9.55323 13.7761 -9.42286 13.8561 -9.47297 13.7765 
-9.79369 13.2173 -9.44559 13.8435 -9.49188 13.745 -9.57377 13.7885 -9.61388 13.4693 -9.54443 13.5709 -9.61405 13.6192 -9.59384 13.688 -9.3693 14.0427 -9.51442 13.6532 
-9.83931 13.0936 -9.83931 13.0936 -9.54395 13.5998 -9.54395 13.5998 -9.54395 13.5998 -9.54395 13.5998 -9.54395 13.5998 -9.54395 13.5998 -9.52257 13.6282 -9.52257 13.6282 
-9.92592 12.8404 -9.88939 12.9472 -9.60499 13.4179 -9.58204 13.4863 -9.54721 13.5901 -9.59987 13.4332 -9.58901 13.4656 -9.53866 13.6156 -9.589 13.4084 -9.58953 13.4067 
-9.98146 12.6756 -9.91274 12.8722 -9.6228 13.3619 -9.66422 13.2265 -9.59848 13.4285 -9.64668 13.271 -9.65689 13.2546 -9.54949 13.584 -9.60722 13.3489 -9.60175 13.3637 
-10.0067 12.6028 -9.9661 12.7011 -9.66974 13.2097 -9.69436 13.1223 -9.60285 13.4136 -9.69061 13.1141 -9.6766 13.1878 -9.5985 13.4401 -9.60152 13.37 -9.67618 13.1139 
-10.0147 12.5793 -10.0093 12.5476 -9.69239 13.1331 -9.7612 12.8827 -9.69534 13.0706 -9.72838 12.971 -9.69576 13.1159 -9.649 13.2962 -9.63886 13.2243 -9.73768 12.9049 
-10.0196 12.5642 -10.0167 12.5225 -9.77253 12.8642 -9.7737 12.8403 -9.68555 13.1122 -9.75289 12.8727 -9.72647 12.9919 -9.72175 13.0777 -9.70523 12.9613 -9.79866 12.6799 
-10.0147 12.5801 -10.0577 12.3698 -9.79139 12.7965 -9.80138 12.7474 -9.72154 12.9556 -9.75823 12.8514 -9.76952 12.8115 -9.74093 13.0212 -9.68408 13.0559 -9.7968 12.6874 
-10.0569 12.4431 -10.0885 12.2492 -9.80911 12.7307 -9.81364 12.7024 -9.72288 12.9498 -9.74854 12.8945 -9.79696 12.6873 -9.79303 12.8483 -9.73232 12.8151 -9.78871 12.7203 
-10.083 12.3562 -10.0993 12.2027 -9.85222 12.5575 -9.86802 12.4702 -9.72916 12.9217 -9.77796 12.7598 -9.83047 12.5312 -9.84674 12.6626 -9.80127 12.428 -9.84391 12.4973 
-10.0595 12.4363 -10.1454 12.0002 -9.88308 12.4317 -9.89996 12.3314 -9.76525 12.7664 -9.77609 12.7686 -9.88852 12.2533 -9.88811 12.5187 -9.79993 12.4366 -9.86685 12.3959 
-10.1066 12.2703 -10.1876 11.832 -9.91873 12.2814 -9.91457 12.2676 -9.82203 12.4988 -9.80574 12.6118 -9.88342 12.2798 -9.94743 12.319 -9.83003 12.2306 -9.91321 12.1723 
-10.0994 12.2969 -10.1905 11.8195 -9.93064 12.2235 -9.9513 12.0872 -9.84758 12.3672 -9.8073 12.6032 -9.94154 11.9644 -9.95106 12.3054 -9.84868 12.0972 -9.96954 11.889 
-10.1171 12.2207 -10.1879 11.8311 -9.93867 12.1785 -9.95877 12.0497 -9.82187 12.5277 -9.83212 12.4611 -9.95741 11.8752 -9.95249 12.2994 -9.85118 12.0738 -9.9678 11.8992 
-10.1413 12.1152 -10.1413 12.1152 -10.1413 12.1152 -10.1413 12.1152 -10.1413 12.1152 -10.1413 12.1152 -10.1413 12.1152 -9.97077 12.2243 -9.97077 12.2243 -9.98181 11.8199 
-10.1527 12.0698 -10.1581 12.0485 -10.1613 12.0356 -10.1768 11.9738 -10.1412 12.1158 -10.132 12.1523 -10.1583 12.0474 -9.99999 12.0935 -9.95761 12.2832 -9.9814 11.8224 
-10.1767 11.956 -10.2448 11.7016 -10.1908 11.9182 -10.1989 11.8738 -10.1717 11.9816 -10.1642 12.0096 -10.1497 12.0872 -10.0201 11.9928 -9.97509 12.2087 -10.0006 11.7127 
-10.2012 11.8239 -10.2782 11.5467 -10.2085 11.8443 -10.2128 11.8066 -10.1884 11.9026 -10.1835 11.9232 -10.1843 11.9016 -10.0411 11.8857 -9.97756 12.1973 -10.0435 11.4656 
-10.1911 11.8899 -10.2874 11.5019 -10.2526 11.651 -10.2123 11.8096 -10.2151 11.7604 -10.2179 11.7566 -10.1993 11.816 -10.0365 11.9128 -9.98866 12.1426 -10.0505 11.4193 
-10.2036 11.7983 -10.3101 11.3936 -10.2427 11.7018 -10.2152 11.7923 -10.2259 11.7012 -10.2322 11.6717 -10.2281 11.6178 -10.0661 11.7265 -9.98559 12.1597 -10.0581 11.3562 
-10.2298 11.5994 -10.3277 11.3066 -10.2499 11.6662 -10.2295 11.7028 -10.237 11.6379 -10.229 11.6916 -10.2245 11.6464 -10.0737 11.6717 -9.99276 12.1171 -10.0722 11.2111 
-10.246 11.4394 -10.3691 11.0946 -10.2801 11.511 -10.2374 11.6466 -10.255 11.5344 -10.2503 11.5477 -10.2391 11.5177 -10.0976 11.4926 -9.97586 12.2314 -10.0739 11.1965 
-10.2628 11.2769 -10.3785 11.0438 -10.3139 11.3106 -10.2605 11.4344 -10.2448 11.5986 -10.2605 11.4695 -10.2426 11.4817 -10.1057 11.4218 -9.99469 12.0942 -10.0962 10.9939 
-10.2668 11.2361 -10.3985 10.9275 -10.3382 11.1468 -10.2739 11.2867 -10.2842 11.3588 -10.273 11.3468 -10.2447 11.461 -10.1299 11.1698 -10.0082 11.9684 -10.0989 10.9648 
-10.2751 11.122 -10.4232 10.7734 -10.3258 11.2287 -10.2815 11.1918 -10.3017 11.2383 -10.2814 11.2233 -10.2488 11.4246 -10.149 10.9395 -10.0291 11.748 -10.1197 10.7421 
-10.2836 11.0116 -10.4404 10.6575 -10.3314 11.1874 -10.2839 11.1569 -10.3017 11.2379 -10.2812 11.2272 -10.2512 11.3986 -10.1596 10.7982 -10.0222 11.8225 -10.1383 10.5243 
-10.2955 10.7898 -10.4691 10.4376 -10.347 11.055 -10.2966 10.926 -10.3092 11.185 -10.2884 11.1268 -10.2593 11.3091 -10.1738 10.6218 -10.0387 11.6586 -10.1545 10.2568 
-10.2971 10.7046 -10.4937 10.211 -10.3497 11.0304 -10.2885 11.0596 -10.342 10.9591 -10.291 11.0906 -10.27 11.1804 -10.1916 10.4026 -10.0562 11.4473 -10.1601 10.1313 
-10.2979 10.6497 -10.5187 10.0227 -10.375 10.8134 -10.292 10.9986 -10.3746 10.7624 -10.3024 10.9239 -10.2806 11.0471 -10.1938 10.3761 -10.0776 11.1307 -10.1628 9.95961 
-10.298 10.6435 -10.5652 9.66661 -10.3908 10.66 -10.2891 11.0771 -10.4103 10.5199 -10.3013 10.942 -10.28 11.0591 -10.2026 10.2538 -10.0846 10.9867 -10.1638 9.8251 
-10.297 10.5127 -10.5893 9.4662 -10.4203 10.4244 -10.2932 10.8965 -10.4257 10.4128 -10.3154 10.7053 -10.2783 11.0947 -10.213 10.0762 -10.0888 10.8765 -10.1664 9.65583 
-10.436 10.3011 -10.436 10.3011 -10.2982 10.6425 -10.3271 10.5264 -10.3271 10.5264 -10.2836 10.8729 -10.2199 9.94327 -10.2199 9.94327 -10.0869 10.9308 -10.1669 9.40086 
-10.4471 10.2116 -10.4376 10.2881 -10.2985 10.6182 -10.3322 10.4336 -10.3352 10.38 -10.2835 10.894 -10.2245 9.84447 -10.223 9.87845 -10.0875 10.9056 -10.169 9.28808 
-10.4623 10.0664 -10.4476 10.2133 -10.302 10.478 -10.3332 10.3578 -10.346 10.2167 -10.2883 10.6538 -10.2288 9.69411 -10.2262 9.82047 -10.0877 10.8676 -10.1705 9.05118 
-10.4722 9.94494 -10.459 10.113 -10.3026 10.4535 -10.3307 10.0472 -10.3437 10.2722 -10.2885 10.5882 -10.2338 9.49775 -10.2233 9.89088 -10.0839 10.699 -10.1719 8.74179 
-10.3065 10.2673 -10.3065 10.2673 -10.3301 9.99256 -10.3301 9.99256 -10.35 10.0802 -10.35 10.0802 -10.35 10.0802 -10.35 10.0802 -10.35 10.0802 -10.35 10.0802 
-10.3054 10.3235 -10.3106 10.0726 -10.3255 9.84378 -10.3259 9.85619 -10.3499 10.0946 -10.3512 9.90145 -10.3492 10.1861 -10.3507 9.97725 -10.3512 9.91092 -10.3494 10.1691 
