0.0410143 0 0.000567149
0.0564688 8.76502e-06 0.000567725
0.053314 6.97396e-06 0.00261163
0.067404 4.37717e-05 0.00823949
0.0368073 -0.000208335 0.00749358
0.0349747 -0.000222068 0.0084227
0.0388014 -0.000189836 0.00948227
0.0673186 8.05801e-05 0.00957902
0.0980281 0.000374756 0.00831743
0.10756 0.000454039 0.00962443
0.109449 0.000472218 0.0106457
0.0782091 0.000139637 0.0119737
0.061171 -6.43824e-05 0.0144114
0.0647357 -1.30054e-05 0.0206742
0.0923122 0.000557198 0.0216328
0.0666619 2.22502e-06 0.0188655
0.0729607 0.000121069 0.020978
0.0664764 -1.49796e-05 0.0199899
0.0857418 0.000370185 0.0220433
0.128927 0.00132229 0.0253052
0.146623 0.00177017 0.019222
0.14428 0.00172514 0.0194716
0.161771 0.00206574 0.0165563
0.154396 0.00194364 0.0138445
0.177806 0.00226776 0.0135619
0.145001 0.00182284 0.0135495
0.155983 0.00197164 0.0218542
0.140038 0.00162313 0.0239627
0.147645 0.00180544 0.0271853
0.132009 0.00138026 0.029552
0.236486 0.00446868 0.0370522
0.313299 0.00731608 0.0491708
0.4021 0.011686 0.0552319
0.478539 0.0159122 0.0689949
0.559597 0.0215136 0.0830372
0.662786 0.0301019 0.0989003
0.773675 0.0411047 0.110383
0.89003 0.0540008 0.120869
0.966538 0.0632934 0.127631
1.09368 0.0796092 0.138044
1.24709 0.100922 0.153374
1.33488 0.114494 0.166227
1.44764 0.133413 0.174697
1.55414 0.152209 0.187103
1.66228 0.172682 0.199437
1.76289 0.193017 0.201503
1.84172 0.209121 0.209685
1.94197 0.230455 0.228055
2.06496 0.259 0.233312
2.1596 0.28149 0.241831
2.22389 0.297348 0.255085
2.29561 0.316048 0.269921
2.37625 0.338359 0.28397
2.4759 0.367443 0.299733
2.54926 0.390115 0.311059
2.6719 0.429543 0.318214
2.79407 0.469789 0.323894
2.90178 0.505947 0.332244
2.95387 0.523921 0.345427
3.03201 0.552041 0.357896
3.09474 0.575502 0.367562
3.20461 0.617808 0.3799
3.36099 0.680249 0.390338
3.46989 0.725058 0.401086
3.55689 0.761952 0.412386
3.63127 0.794491 0.423824
3.71539 0.83244 0.445961
3.85966 0.901417 0.456921
3.92881 0.93541 0.464184
4.03516 0.988659 0.475897
4.09898 1.02155 0.492553
4.18475 1.06758 0.502028
4.28129 1.12057 0.518963
4.37951 1.17668 0.528681
4.45892 1.22306 0.539218
4.56632 1.28733 0.54819
4.63139 1.32706 0.567537
4.74228 1.39776 0.579039
4.8325 1.45674 0.586575
4.91766 1.51334 0.596793
5.01717 1.58095 0.608044
5.10906 1.6449 0.618434
5.16136 1.68212 0.636046
5.24679 1.7452 0.646644
5.34925 1.82255 0.656867
5.43026 1.88502 0.667564
5.50796 1.94627 0.679647
5.56336 1.99104 0.692607
5.63094 2.0471 0.702682
5.69692 2.10299 0.712749
5.75843 2.15615 0.720705
5.86073 2.246 0.730074
5.93998 2.31694 0.741591
6.01052 2.38155 0.754555
6.08698 2.45343 0.767282
6.1906 2.55337 0.775554
6.24422 2.60594 0.782638
6.31166 2.673 0.794073
6.35891 2.72109 0.802664
6.42758 2.79217 0.813989
6.47555 2.84297 0.825831
6.5413 2.91426 0.837652
6.61001 2.99055 0.846406
6.70409 3.09688 0.851005
6.75514 3.15511 0.860309
6.81401 3.22353 0.869045
6.84694 3.26248 0.883744
6.94144 3.37767 0.894214
7.00307 3.45442 0.909749
7.0691 3.53931 0.916155
7.13362 3.62338 0.924653
7.2232 3.74216 0.936968
7.30242 3.84994 0.950884
7.34984 3.91637 0.959925
7.42256 4.02023 0.974154
7.48684 4.11486 0.988096
7.56421 4.23227 1.00012
7.60049 4.28878 1.01307
7.66336 4.38957 1.02434
7.71655 4.47702 1.04071
7.77328 4.57382 1.05437
7.81931 4.65489 1.06875
7.85916 4.72748 1.07862
7.90935 4.82108 1.085
7.96252 4.92179 1.10268
8.011 5.01767 1.113
8.03669 5.06981 1.13007
8.07584 5.15281 1.14504
8.10618 5.21972 1.15924
8.15108 5.32258 1.17108
8.18977 5.41417 1.18487
8.21147 5.46757 1.19608
8.23885 5.5372 1.2083
8.2799 5.64544 1.21943
8.32594 5.77102 1.22874
8.35244 5.84546 1.24218
8.39224 5.96217 1.25312
8.41694 6.0373 1.26178
8.44619 6.12891 1.27618
8.47556 6.22572 1.28088
8.50081 6.31035 1.29008
8.51991 6.3766 1.3037
8.54293 6.4607 1.3161
8.57048 6.56654 1.32637
8.60739 6.71452 1.33238
8.63696 6.83619 1.34754
8.66192 6.94612 1.35792
8.6692 6.97982 1.36956
8.6882 7.07293 1.38171
8.70567 7.16424 1.39084
8.72701 7.28151 1.40367
8.74152 7.36753 1.41301
8.76145 7.49277 1.42574
8.77402 7.57885 1.43906
8.78403 7.65438 1.45208
8.79304 7.72991 1.46547
8.80277 7.82198 1.47995
8.81493 7.95543 1.49458
8.82428 8.07789 1.50859
8.83001 8.16987 1.52229
8.83854 8.34554 1.53316
8.84338 8.47425 1.5511
8.84512 8.56251 1.5587
8.84646 8.67295 1.56593
8.84715 8.81587 1.57854
8.84638 8.91617 1.59434
8.84488 8.97962 1.61093
8.84 9.10108 1.62174
8.83444 9.21022 1.63039
8.8304 9.27794 1.64215
8.82666 9.33019 1.65254
8.82004 9.41106 1.66622
8.81044 9.51137 1.67561
8.79906 9.6195 1.67872
8.78817 9.72009 1.68557
8.77857 9.80332 1.69936
8.76443 9.91268 1.7123
8.74877 10.0226 1.72102
8.72957 10.1495 1.7374
8.70904 10.2715 1.74962
8.68627 10.3975 1.76222
8.66666 10.4987 1.77662
8.64545 10.6003 1.78608
8.61411 10.7436 1.79672
8.59664 10.8196 1.80748
8.58015 10.888 1.81317
8.55285 10.9984 1.82709
8.52087 11.1204 1.83957
8.5021 11.1886 1.85139
8.48015 11.2648 1.86377
8.45216 11.3575 1.87754
8.41335 11.4801 1.88785
8.3728 11.6037 1.9035
8.33397 11.716 1.9137
8.30769 11.7897 1.92358
8.26188 11.9141 1.93606
8.22438 12.0121 1.95003
8.17518 12.1356 1.95958
8.1426 12.2151 1.97323
8.10759 12.2974 1.98687
8.08297 12.3531 1.99946
8.04125 12.4444 2.00868
8.00382 12.5243 2.0204
7.95708 12.6212 2.03138
7.89382 12.7487 2.04154
7.84764 12.8394 2.05093
7.79835 12.9341 2.05621
7.75994 13.0069 2.06523
7.71081 13.098 2.07856
7.65393 13.2002 2.08135
7.60711 13.2838 2.09242
7.52656 13.424 2.10233
7.46973 13.5206 2.11139
7.40662 13.6258 2.12051
7.36235 13.698 2.12901
7.30103 13.7962 2.13908
7.25032 13.8756 2.14469
7.20832 13.9406 2.15554
7.14533 14.0357 2.16664
7.10766 14.0913 2.1784
7.03562 14.1949 2.19138
6.98772 14.2619 2.20555
6.9444 14.3207 2.21921
6.87544 14.4118 2.22998
6.81656 14.4878 2.23638
6.72483 14.6046 2.2472
6.67422 14.6676 2.25762
6.60704 14.7496 2.26202
6.54156 14.8287 2.27052
6.48973 14.8903 2.2867
6.4328 14.9557 2.29711
6.3703 15.0261 2.30524
6.30145 15.1023 2.31649
6.22125 15.1892 2.32736
6.14095 15.2742 2.33589
6.092 15.3252 2.34629
6.03962 15.3786 2.36615
5.99671 15.4207 2.38188
5.90842 15.5046 2.39581
5.81644 15.5895 2.40494
5.72502 15.6725 2.41595
5.65877 15.7312 2.42779
5.55111 15.8245 2.44286
5.44205 15.9161 2.45361
5.36104 15.9827 2.46692
5.29724 16.0337 2.47801
5.21511 16.0979 2.48926
5.14408 16.1522 2.50467
5.0663 16.2097 2.51587
4.93479 16.3048 2.53267
4.82133 16.3839 2.54396
4.73739 16.441 2.55574
4.63565 16.5085 2.56758
4.50521 16.5929 2.57884
4.41398 16.6504 2.58579
4.28496 16.7305 2.5967
4.22067 16.7695 2.60814
4.14134 16.8164 2.62087
4.07562 16.8541 2.6302
3.97058 16.913 2.63642
3.89608 16.9542 2.65139
3.83335 16.9877 2.66393
3.78706 17.0116 2.67361
3.69981 17.0557 2.69285
3.62872 17.09 2.70843
3.5335 17.134 2.72196
3.45432 17.1693 2.72586
3.32145 17.228 2.73995
3.22764 17.2678 2.75201
3.12389 17.3104 2.76735
3.03433 17.3456 2.77865
2.94517 17.3795 2.7883
2.82974 17.422 2.79957
2.75584 17.4483 2.81144
2.63979 17.4881 2.82229
2.53286 17.5235 2.83089
2.43293 17.5556 2.8423
2.35367 17.58 2.84803
2.30222 17.5956 2.86259
2.21677 17.62 2.87182
2.10517 17.6509 2.88565
2.03963 17.6681 2.89678
1.95546 17.6891 2.90978
1.84776 17.7145 2.91602
1.75809 17.7351 2.92491
1.62601 17.7642 2.9339
1.50274 17.7901 2.94281
1.34089 17.8227 2.95515
1.22072 17.8454 2.96388
1.13823 17.8602 2.96909
1.05822 17.8742 2.97873
0.937839 17.8939 2.992
0.866146 17.9047 2.99514
0.749574 17.9219 3.00325
0.620872 17.9399 3.01539
0.523383 17.9522 3.02649
0.46633 17.9588 3.03812
0.300047 17.9761 3.05412
0.222728 17.9829 3.06609
0.119756 17.9907 3.07872
0.0562539 17.9947 3.09324
-0.0329273 17.999 3.10453
-0.181712 18.0045 3.116
-0.308031 18.0077 3.1274
-0.385953 18.0088 -3.14064
-0.482046 18.0087 -3.1336
-0.551907 18.0082 -3.12582
-0.613706 18.0072 -3.11535
-0.753376 18.0035 -3.09972
-0.877489 17.9983 -3.09311
-0.977471 17.9935 -3.07168
-1.0432 17.9889 -3.06372
-1.13709 17.9816 -3.05421
-1.1901 17.9769 -3.04017
-1.28215 17.9676 -3.02884
-1.39792 17.9544 -3.02503
-1.49762 17.9428 -3.01338
-1.59351 17.9304 -3.00222
-1.6996 17.9155 -2.99806
-1.78291 17.9035 -2.98995
-1.865 17.8909 -2.97995
-1.96942 17.8739 -2.96971
-2.08114 17.8545 -2.95828
-2.19125 17.8341 -2.93513
-2.29375 17.8126 -2.92226
-2.4064 17.7875 -2.90881
-2.52146 17.7602 -2.89643
-2.60932 17.7383 -2.88346
-2.70577 17.7128 -2.87066
-2.78484 17.6908 -2.86368
-2.87574 17.6649 -2.85395
-3.01172 17.6247 -2.83719
-3.10711 17.5947 -2.82418
-3.20292 17.5632 -2.81833
-3.28516 17.5357 -2.8038
-3.39139 17.4984 -2.78886
-3.46111 17.4727 -2.77897
-3.56884 17.4318 -2.77033
-3.66656 17.3938 -2.75948
-3.76717 17.3534 -2.75443
-3.86359 17.314 -2.74378
-3.98033 17.265 -2.7312
-4.07182 17.2252 -2.72622
-4.18844 17.1737 -2.71622
-4.28878 17.1283 -2.70664
-4.39562 17.0786 -2.69736
-4.48033 17.0383 -2.68411
-4.58503 16.9868 -2.67621
-4.65449 16.9519 -2.66474
-4.75921 16.8978 -2.65597
-4.87903 16.8346 -2.6423
-4.92709 16.8083 -2.63297
-4.99355 16.7713 -2.62156
-5.09571 16.7128 -2.61585
-5.18496 16.661 -2.60565
-5.2616 16.6155 -2.59176
-5.31553 16.5824 -2.58203
-5.40463 16.5266 -2.57227
-5.48581 16.4747 -2.56059
-5.59023 16.4061 -2.5515
-5.67684 16.3481 -2.54254
-5.75281 16.2962 -2.53293
-5.85298 16.2264 -2.52384
-5.94846 16.1586 -2.51429
-6.02263 16.1048 -2.50309
-6.14238 16.0159 -2.49262
-6.20822 15.966 -2.4762
-6.26863 15.9186 -2.46739
-6.32804 15.8711 -2.45544
-6.42926 15.7882 -2.44832
-6.50207 15.7277 -2.43824
-6.58779 15.655 -2.42609
-6.66399 15.5888 -2.41873
-6.7265 15.5337 -2.4027
-6.77168 15.4925 -2.38708
-6.84382 15.4247 -2.37392
-6.91958 15.3516 -2.36007
-6.96819 15.3033 -2.35327
-7.07896 15.1919 -2.3362
-7.16243 15.105 -2.3288
-7.24625 15.0165 -2.3189
-7.32515 14.9315 -2.31347
-7.39902 14.851 -2.29979
-7.47681 14.7639 -2.28488
-7.5351 14.6967 -2.2766
-7.62274 14.5938 -2.26117
-7.71436 14.4829 -2.25461
-7.78893 14.3914 -2.24513
-7.83107 14.3387 -2.23565
-7.9006 14.25 -2.2293
-7.98336 14.143 -2.22921
-8.05981 14.0442 -2.21229
-8.09934 13.9913 -2.20061
-8.15511 13.9147 -2.19098
-8.20638 13.843 -2.17881
-8.25138 13.7783 -2.1657
-8.30295 13.7021 -2.14843
-8.36117 13.6128 -2.14078
-8.42499 13.5132 -2.12971
-8.47164 13.4386 -2.11611
-8.48997 13.4084 -2.10204
-8.50792 13.3778 -2.09624
-8.56383 13.2814 -2.08189
-8.61747 13.1858 -2.0742
-8.66378 13.1017 -2.06455
-8.68261 13.0667 -2.05766
-8.72245 12.9914 -2.04558
-8.76462 12.9094 -2.03438
-8.80129 12.836 -2.01966
-8.85043 12.734 -2.00602
-8.89223 12.6441 -1.99583
-8.92282 12.5765 -1.99388
-8.95338 12.5087 -1.98724
-8.99962 12.4041 -1.97833
-9.05336 12.2796 -1.9654
-9.09378 12.1826 -1.95551
-9.12487 12.1058 -1.94802
-9.14135 12.0642 -1.939
-9.18716 11.9455 -1.92694
-9.22407 11.8462 -1.91318
-9.25919 11.7477 -1.90445
-9.2915 11.6545 -1.89579
-9.3212 11.5663 -1.8868
-9.3488 11.4819 -1.87352
-9.36737 11.4224 -1.86192
-9.39765 11.3214 -1.85107
-9.42865 11.2137 -1.83981
-9.44895 11.1401 -1.83083
-9.46334 11.086 -1.81953
-9.48574 10.9978 -1.80353
-9.50861 10.9013 -1.78956
-9.52751 10.8163 -1.77938
-9.55096 10.7055 -1.77139
-9.57394 10.5925 -1.76311
-9.59002 10.5099 -1.75556
-9.60138 10.4491 -1.74632
-9.61714 10.3603 -1.73609
-9.63639 10.2449 -1.72382
-9.65504 10.1239 -1.71397
-9.67467 9.98779 -1.70338
-9.68916 9.87911 -1.68895
-9.70354 9.75803 -1.68165
-9.71297 9.67331 -1.66882
-9.72282 9.57307 -1.65725
-9.73385 9.44586 -1.64486
-9.73991 9.36425 -1.63964
-9.74496 9.29098 -1.62612
-9.75201 9.16366 -1.6196
-9.75789 9.04323 -1.60364
-9.76059 8.96102 -1.59358
-9.76334 8.84049 -1.58365
-9.76434 8.76257 -1.57113
-9.76438 8.655 -1.55694
-9.76295 8.55187 -1.54578
-9.76035 8.44797 -1.53652
-9.7568 8.34455 -1.52573
-9.75217 8.2418 -1.51837
-9.74624 8.12889 -1.50319
-9.74073 8.04743 -1.4875
-9.72871 7.90344 -1.4714
-9.71808 7.79694 -1.45976
-9.70598 7.68838 -1.45572
-9.69424 7.58676 -1.4449
-9.6873 7.53198 -1.42826
-9.6744 7.44205 -1.4195
-9.6636 7.37122 -1.41083
-9.63994 7.22462 -1.39943
-9.62179 7.11973 -1.39087
-9.59893 6.99405 -1.3788
-9.57506 6.87126 -1.37095
-9.55917 6.79281 -1.36172
-9.54095 6.70693 -1.34736
-9.51979 6.61381 -1.33359
-9.49008 6.49091 -1.32449
-9.46487 6.39063 -1.31567
-9.43202 6.26468 -1.3038
-9.4057 6.16846 -1.29244
-9.38047 6.0802 -1.27916
-9.345 5.96202 -1.27351
-9.32016 5.88096 -1.25988
-9.29043 5.78842 -1.24691
-9.26314 5.70713 -1.23061
-9.24136 5.6456 -1.21877
-9.19613 5.52246 -1.21209
-9.16987 5.45244 -1.19789
-9.14525 5.38949 -1.18349
-9.10457 5.28976 -1.1708
-9.06486 5.19583 -1.15931
-9.01447 5.08037 -1.15151
-8.98096 5.00519 -1.14565
-8.92994 4.8925 -1.13472
-8.89562 4.81886 -1.12416
-8.83804 4.69862 -1.10886
-8.79052 4.60318 -1.09765
-8.71622 4.45803 -1.09208
-8.6588 4.34739 -1.07807
-8.62236 4.27952 -1.06731
-8.57093 4.18615 -1.05682
-8.51046 4.07905 -1.04864
-8.44543 3.96605 -1.04029
-8.39595 3.88168 -1.02933
