0.0443709 0 -0.00191413
0.054946 -0.00054242 -0.00757066
0.0157096 -0.0012157 -0.00075668
0.0447563 -0.0020399 0.0109364
0.0257385 -0.00104011 0.0122791
0.012104 -0.00119645 0.0151542
0.059983 0.000306135 0.015149
0.0563064 -0.0008071 0.0131601
0.0425272 -0.00168206 0.00532249
0.0397941 -0.00103107 -0.00464971
0.0380191 -0.00037831 0.000929057
0.0225053 0.00111711 0.00648951
0.0701407 0.00201067 0.0089038
0.113733 0.00223474 0.0167279
0.128541 0.00122862 0.0174687
0.0987688 0.00234006 0.0183399
0.146299 0.00494309 0.013613
0.0723382 0.000754255 0.0154595
0.0693091 -0.00137663 0.0119216
0.107448 -0.00151152 0.0115973
0.145073 -0.00153814 0.00467295
0.144669 0.000223141 0.0086003
0.0486712 -0.00757696 -0.0205052
0.0341601 -0.00602357 -0.0220412
0.0729599 -0.00708545 -0.0227287
0.0497105 -0.00701628 -0.024723
0.127896 -0.00904755 -0.0125301
0.0622413 -0.00757941 -0.00800623
0.107539 -0.00839549 -0.00173626
0.0545085 -0.00878171 0.0020556
0.164836 -0.00818271 0.00599054
0.316667 -0.00889636 0.0201861
0.385348 -0.00621095 0.0244103
0.367886 -0.000441983 0.0463633
0.480674 0.00545672 0.0554852
0.554196 0.011536 0.0762542
0.608296 0.0169649 0.0875936
0.72201 0.0273699 0.0946813
0.844061 0.036817 0.098969
1.0078 0.0497813 0.114198
1.14581 0.0641748 0.130701
1.27339 0.0756422 0.145122
1.35885 0.0908924 0.156357
1.46969 0.111838 0.169958
1.59686 0.140972 0.178574
1.69545 0.163776 0.175516
1.78276 0.181471 0.187734
1.80237 0.190398 0.197205
1.96467 0.225802 0.202925
2.05393 0.243142 0.214125
2.10859 0.247366 0.232791
2.2614 0.285897 0.250051
2.37047 0.314622 0.267854
2.49129 0.350462 0.280585
2.53346 0.36307 0.284611
2.59076 0.384736 0.289271
2.7386 0.431105 0.293964
2.83735 0.464339 0.289312
2.83072 0.469918 0.303514
2.82525 0.473306 0.3229
2.61208 0.465193 0.329682
2.75003 0.515687 0.339087
2.90023 0.575173 0.353908
3.04846 0.635897 0.357813
3.09182 0.656453 0.369064
3.14458 0.673705 0.384063
3.30164 0.725787 0.407
3.41199 0.763812 0.419683
3.41747 0.76445 0.428149
3.51256 0.80227 0.438409
3.58404 0.831752 0.453822
3.76812 0.865639 0.426519
3.8507 0.903507 0.45437
3.90565 0.930097 0.467698
3.98733 0.972723 0.482119
4.0507 1.0056 0.488803
4.12432 1.04603 0.50229
4.21052 1.0938 0.509873
4.37588 1.17005 0.528717
4.46618 1.2271 0.531293
4.5251 1.25731 0.535366
4.63139 1.31223 0.540364
4.68136 1.336 0.549123
4.76884 1.38538 0.554146
4.88075 1.45313 0.560099
4.95273 1.49198 0.572889
5.0419 1.54756 0.588324
5.14863 1.61581 0.598871
5.23287 1.66125 0.612476
5.33177 1.72328 0.626037
5.42278 1.78385 0.634831
5.42362 1.83768 0.642583
5.50988 1.90625 0.656833
5.59623 1.96993 0.667841
5.61165 1.98357 0.676465
5.72929 2.07939 0.678827
5.84684 2.16757 0.688319
5.89634 2.20556 0.700679
5.92732 2.23364 0.703161
6.00804 2.30424 0.714019
6.08145 2.36922 0.717893
6.21029 2.46862 0.72729
6.30329 2.56119 0.733299
6.39329 2.65145 0.739493
6.43915 2.70276 0.74551
6.56944 2.78597 0.753023
6.61284 2.83689 0.765121
6.72308 2.95665 0.776519
6.74656 3.00227 0.793869
6.8409 3.10943 0.800519
6.94256 3.22286 0.812277
7.06351 3.35185 0.822635
7.1765 3.47975 0.83295
7.21821 3.52775 0.842972
7.30347 3.62462 0.861618
7.34517 3.70557 0.878264
7.4548 3.83749 0.889415
7.51503 3.91147 0.898957
7.54659 3.94895 0.91161
7.60879 4.029 0.923643
7.67886 4.12093 0.940743
7.72094 4.17964 0.950105
7.80035 4.289 0.960955
7.83437 4.34025 0.961454
7.66003 4.16859 0.974022
7.6969 4.22287 0.983058
7.75016 4.30381 0.998113
7.77739 4.34574 1.01321
7.80089 4.38316 1.02551
7.83211 4.43735 1.03355
7.8869 4.52908 1.04321
8.00074 4.70487 1.03423
8.01316 4.72474 1.03978
8.07203 4.8246 1.04927
8.1407 4.9438 1.06023
8.25714 5.14126 1.09248
8.32397 5.26773 1.10317
8.36658 5.35028 1.10733
8.40441 5.42575 1.11883
8.41344 5.44496 1.11278
8.43476 5.48706 1.11667
8.46858 5.5556 1.12714
8.50746 5.63933 1.13258
8.57046 5.77148 1.14682
8.59924 5.83447 1.15298
8.64859 5.94616 1.16682
8.63542 5.919 1.18583
8.60636 5.85305 1.1991
8.65142 5.96552 1.21628
8.6672 6.01276 1.22455
8.71417 6.13677 1.23354
8.75928 6.26268 1.23999
8.80843 6.40785 1.25845
8.85086 6.52663 1.2686
8.87698 6.59965 1.27535
8.90312 6.67799 1.28657
8.95117 6.82534 1.29734
8.95873 6.86051 1.31109
8.99198 6.96764 1.32245
9.03533 7.12993 1.32658
9.04949 7.16925 1.33435
9.15128 7.39129 1.31628
9.18856 7.49682 1.31377
9.22064 7.60287 1.31771
9.27165 7.77452 1.32453
9.30005 7.86332 1.33526
9.30096 7.86044 1.34713
9.30125 7.96753 1.37165
9.32367 8.02132 1.37789
9.3365 8.06138 1.38966
9.34829 8.10832 1.4022
9.37361 8.24486 1.41643
9.39459 8.37533 1.43176
9.41599 8.52592 1.43831
9.42318 8.57287 1.43949
9.43969 8.69581 1.45157
9.45203 8.79451 1.46356
9.46112 8.88326 1.47138
9.47784 9.08149 1.48741
9.48541 9.18154 1.50483
9.48746 9.24795 1.52087
9.49055 9.32208 1.52818
9.48617 9.28574 1.54584
9.48921 9.41548 1.56206
9.48869 9.44078 1.57416
9.48763 9.49243 1.57717
9.48613 9.6408 1.58962
9.48392 9.78721 1.60001
9.48285 9.87352 1.61693
9.48575 9.95057 1.62558
9.48455 10.0188 1.63258
9.47634 10.1598 1.63617
9.4718 10.2499 1.65285
9.46311 10.3749 1.65994
9.45225 10.516 1.66319
9.44516 10.5705 1.67025
9.43803 10.6699 1.68594
9.42077 10.8325 1.68722
9.40827 10.9484 1.69909
9.40569 10.979 1.71503
9.40315 11.0097 1.72268
9.38414 11.1621 1.7419
9.36673 11.2672 1.74166
9.34126 11.4204 1.74227
9.31853 11.558 1.74874
9.30489 11.6388 1.75803
9.28048 11.7948 1.75464
9.26292 11.8645 1.76324
9.24089 11.965 1.78064
9.219 12.0668 1.78379
9.20081 12.1458 1.79542
9.16444 12.3032 1.80464
9.13905 12.3988 1.81012
9.11154 12.5055 1.81771
9.08592 12.6017 1.82956
9.0548 12.722 1.83484
9.04824 12.7645 1.83646
9.02816 12.832 1.84904
8.98199 12.9947 1.85806
8.95191 13.1136 1.8766
8.90571 13.267 1.88855
8.86733 13.378 1.90275
8.8463 13.443 1.91526
8.81115 13.518 1.93125
8.78246 13.6098 1.93645
8.73642 13.7404 1.94486
8.7206 13.7903 1.95662
8.67099 13.9173 1.95946
8.63078 14.0008 1.9641
8.5934 14.0841 1.98355
8.5507 14.151 2.00345
8.48976 14.2934 2.01253
8.44424 14.3928 2.02488
8.42074 14.4408 2.04125
8.38386 14.5156 2.04598
8.36343 14.5571 2.05656
8.2996 14.6597 2.07494
8.28842 14.6624 2.09611
8.21741 14.7965 2.10527
8.05692 15.1142 2.11869
7.97045 15.2411 2.12784
7.91016 15.3275 2.14532
7.85473 15.4083 2.16237
7.81458 15.4637 2.1733
7.76265 15.5365 2.18992
7.59765 15.753 2.20511
7.51878 15.8632 2.21013
7.47848 15.9195 2.22339
7.55915 15.8233 2.20812
7.45692 15.9623 2.21896
7.38159 16.0633 2.22627
7.34023 16.118 2.24199
7.22376 16.2641 2.24962
7.14721 16.3569 2.26665
7.07252 16.4465 2.27431
7.00273 16.5085 2.30496
6.94637 16.5713 2.31473
6.9028 16.6195 2.32723
6.88884 16.6354 2.33162
6.83684 16.6914 2.33704
6.87582 16.6477 2.32224
6.83778 16.6889 2.33423
6.79939 16.7282 2.34745
6.74278 16.7852 2.36749
6.65535 16.8702 2.38677
6.33923 17.2009 2.37171
6.28309 17.2537 2.37451
6.15554 17.3722 2.39508
6.12836 17.3948 2.40765
6.04906 17.4637 2.41902
6.13922 17.3468 2.41941
6.12999 17.3498 2.42866
6.03805 17.4258 2.44188
5.98016 17.4763 2.45964
5.86998 17.5671 2.46709
5.77259 17.647 2.47102
5.64758 17.7391 2.48553
5.57849 17.791 2.48554
5.53834 17.824 2.49786
5.46757 17.8778 2.50737
5.35223 17.963 2.51908
5.35316 17.9601 2.5298
5.25688 18.0292 2.54543
5.15827 18.0969 2.55113
5.10854 18.1283 2.56285
4.97293 18.2161 2.56815
4.93964 18.2434 2.5726
4.79082 18.3388 2.57998
4.69493 18.4003 2.58737
4.63613 18.4373 2.59718
4.58133 18.4673 2.61501
4.50717 18.5091 2.63034
4.40599 18.5638 2.64068
4.29296 18.6223 2.66574
4.17042 18.6859 2.6778
4.03227 18.753 2.67918
4.01942 18.7593 2.68591
3.90501 18.814 2.69816
3.85833 18.8334 2.70553
3.70756 18.9014 2.716
3.71059 18.8973 2.72455
3.6188 18.9367 2.73232
3.47808 18.999 2.74248
3.35446 19.052 2.75055
3.27125 19.0866 2.76417
3.1673 19.1286 2.77378
3.08491 19.1625 2.78653
2.99415 19.1962 2.79673
2.87331 19.2415 2.80894
2.76954 19.2753 2.80531
2.72349 19.2925 2.8187
2.62736 19.3255 2.82427
2.51213 19.3648 2.83871
2.43749 19.3898 2.84983
2.36321 19.4135 2.86025
2.23498 19.4629 2.84627
2.13205 19.4938 2.86056
2.03956 19.5203 2.87597
1.95387 19.5424 2.87584
1.87146 19.5641 2.88226
1.82585 19.578 2.89053
1.68137 19.6173 2.89531
1.78437 19.5891 2.91588
1.62016 19.6284 2.94407
1.47982 19.657 2.95467
1.35139 19.6809 2.96918
1.2503 19.699 2.98652
1.16646 19.7125 2.9928
1.06257 19.7282 3.00802
0.961605 19.743 3.01475
0.861648 19.7556 3.02404
0.656645 19.7802 3.03874
0.597711 19.7863 3.04751
0.49376 19.7955 3.05629
0.447863 19.8002 3.06786
0.275987 19.8113 3.08427
0.174388 19.8168 3.09335
0.0565926 19.8223 3.10481
0.0126026 19.8232 3.11935
-0.0440726 19.8261 3.12154
-0.0643429 19.8117 3.12134
-0.224077 19.8071 3.13497
-0.330664 19.8069 3.11807
-0.447555 19.8093 3.11999
-0.543096 19.811 2.30703
-0.583962 19.8118 1.31783
-0.734049 19.8131 0.383141
-0.812368 19.8127 -0.912281
-0.843452 19.8124 -3.10962
-0.936877 19.81 -3.10099
-1.04422 19.8049 -3.08949
-1.10307 19.8022 -3.08153
-1.19011 19.7975 -3.07525
-1.31799 19.788 -3.06434
-1.40044 19.783 -3.04198
-1.4816 19.7756 -3.02436
-1.52184 19.7728 -3.01265
-1.61442 19.7659 -3.02587
-1.69676 19.7569 -3.01472
-1.87921 19.7314 -3.00389
-2.01865 19.711 -2.98542
-2.13032 19.6916 -2.97342
-2.28197 19.6655 -2.95992
-2.29817 19.6604 -2.95515
-2.35901 19.6486 -2.93417
-2.51163 19.6147 -2.91874
-2.5686 19.6014 -2.90279
-2.63894 19.5822 -2.90114
-2.70198 19.5659 -2.88319
-2.82214 19.534 -2.87691
-2.87302 19.5226 -2.8715
-3.03203 19.4737 -2.85656
-3.1117 19.4523 -2.847
-3.21281 19.4243 -2.82876
-3.30584 19.3972 -2.81552
-3.39725 19.3683 -2.80728
-3.53502 19.3256 -2.7989
-3.64412 19.2898 -2.7863
-3.77758 19.2456 -2.76666
-3.90128 19.201 -2.75828
-4.03482 19.1485 -2.75243
-4.18353 19.0903 -2.74451
-4.25541 19.0583 -2.73683
-4.32429 19.0259 -2.72834
-4.41219 18.9904 -2.72218
-4.524 18.9342 -2.69601
-4.64429 18.885 -2.6985
-4.76452 18.8325 -2.69206
-4.83622 18.8044 -2.68232
-4.96691 18.7789 -2.72827
-5.05017 18.7438 -2.72936
-5.13737 18.7068 -2.70694
-5.17899 18.6883 -2.69929
-5.24861 18.6564 -2.67907
-5.25137 18.6577 -2.65857
-5.32683 18.6171 -2.64369
-5.41235 18.5698 -2.62602
-5.5208 18.5081 -2.62481
-5.61722 18.4527 -2.612
-5.67417 18.4185 -2.59079
-5.7336 18.3802 -2.58283
-5.78561 18.347 -2.58099
-5.88348 18.2863 -2.57096
-5.9857 18.2183 -2.56339
-6.07409 18.1569 -2.55153
-6.11662 18.1277 -2.54354
-6.16069 18.0961 -2.52203
-6.2116 18.0605 -2.52081
-6.2912 18.0026 -2.51011
-6.44121 17.8877 -2.48384
-6.53923 17.8153 -2.47445
-6.62301 17.7522 -2.47034
-6.67968 17.7107 -2.45842
-6.76834 17.6409 -2.44847
-6.89814 17.5353 -2.44012
-6.97048 17.473 -2.43072
-7.01467 17.4339 -2.43066
-7.06843 17.3882 -2.41413
-7.16119 17.3058 -2.40289
-7.24264 17.2139 -2.38471
-7.318 17.1396 -2.37195
-7.35373 17.1056 -2.3596
-7.44996 17.0096 -2.35167
-7.51596 16.9453 -2.34025
-7.5885 16.8732 -2.32521
-7.69861 16.7591 -2.31444
-7.80837 16.6452 -2.29884
-7.81136 16.6406 -2.28578
-7.8457 16.6116 -2.28104
-7.9379 16.5091 -2.26781
-7.98101 16.4558 -2.26443
-8.02848 16.4063 -2.25298
-8.11267 16.3053 -2.24544
-8.18237 16.2221 -2.23551
-8.23066 16.1871 -2.22797
-8.34127 16.0705 -2.22392
-8.35095 16.0445 -2.23178
-8.47278 15.92 -2.20961
-8.57373 15.8069 -2.19039
-8.00856 16.2597 -2.25812
-8.07572 16.1779 -2.24996
-8.17302 16.0572 -2.23779
-8.32379 15.8663 -2.21601
-8.37584 15.7983 -2.20136
-8.45257 15.6941 -2.19127
-8.51476 15.6077 -2.18474
-8.57504 15.5218 -2.1545
-8.68598 15.3539 -2.15115
-8.78062 15.2118 -2.13125
-8.8479 15.1039 -2.11829
-8.92708 14.972 -2.10789
-8.97271 14.891 -2.08199
-9.04748 14.7572 -2.07131
-9.11261 14.6397 -2.05428
-9.1501 14.5689 -2.04145
-9.20804 14.4548 -2.02369
-9.26626 14.3326 -2.01698
-9.26934 14.3291 -2.00726
-9.32682 14.2096 -1.99857
-9.40937 14.0272 -1.98072
-9.43082 13.9917 -1.97396
-9.48017 13.872 -1.96935
-9.52612 13.7595 -1.95331
-9.55367 13.6969 -1.94473
-9.60661 13.556 -1.93044
-9.59874 13.5043 -1.88972
-9.64202 13.3679 -1.87576
-9.68217 13.2429 -1.86496
-9.72128 13.1205 -1.85397
-9.76917 12.9621 -1.84937
-9.8095 12.8245 -1.83954
-9.82876 12.7562 -1.82731
-9.85315 12.6753 -1.81525
-9.89461 12.5135 -1.81093
-9.9223 12.3989 -1.80754
-9.96966 12.2369 -1.79149
-9.9939 12.1424 -1.77276
-10.0038 12.1146 -1.77052
-10.0913 12.1075 -1.80314
-10.1009 12.0646 -1.78801
-10.1258 11.9476 -1.77238
-10.147 11.8318 -1.75149
-10.1608 11.7732 -1.73496
-10.1736 11.7013 -1.72404
-10.182 11.6343 -1.71435
-10.1998 11.5191 -1.69939
-10.2159 11.3987 -1.68529
-10.2349 11.2544 -1.67598
-10.2464 11.1248 -1.67008
-10.2528 11.0386 -1.66001
-10.265 10.8678 -1.65238
-10.2686 10.7644 -1.64733
-10.2762 10.6288 -1.63279
-10.273 10.5505 -1.62817
-10.271 10.4084 -1.61624
-10.2802 10.3389 -1.62147
-10.2774 10.2905 -1.6113
-10.2854 10.1993 -1.5942
-10.2915 10.1236 -1.58518
-10.3373 10.1001 -1.57288
-10.3372 10.0316 -1.56061
