0 0 0
0 0 0
0 0 0
0 0 0
0 0 0
0 0 0
0 0 0
0 0 0
0 0 0
0 0 0
0 0 0
0 0 0
0 0 0
0 0 0
0 0 0
0 0 0
0 0 0
0 0 0
0 0 0
0 0 0
0 0 0
0 0 0
0 0 0
0 0 0
0 0 0
0 0 0
0 0 0
0 0 0
0 0 0
0 0 0
0.1 0 0.01
0.199995 0.000999983 0.02
0.299975 0.00299985 0.03
0.39993 0.0059994 0.04
0.49985 0.00999833 0.05
0.599725 0.0149963 0.06
0.699545 0.0209927 0.07
0.7993 0.0279869 0.08
0.89898 0.0359784 0.09
0.998576 0.0449663 0.1
1.09808 0.0549496 0.11
1.19747 0.0659274 0.12
1.29675 0.0778987 0.13
1.39591 0.0908621 0.14
1.49493 0.104816 0.15
1.59381 0.11976 0.16
1.69253 0.135692 0.17
1.79109 0.15261 0.18
1.88947 0.170513 0.19
1.98767 0.189399 0.2
2.08568 0.209266 0.21
2.18348 0.230112 0.22
2.28107 0.251935 0.23
2.37844 0.274733 0.24
2.47557 0.298503 0.25
2.57246 0.323243 0.26
2.6691 0.348951 0.27
2.76548 0.375625 0.28
2.86159 0.40326 0.29
2.95741 0.431855 0.3
3.05294 0.461407 0.31
3.14818 0.491913 0.32
3.2431 0.52337 0.33
3.33771 0.555774 0.34
3.43198 0.589123 0.35
3.52592 0.623413 0.36
3.61951 0.65864 0.37
3.71274 0.694802 0.38
3.80561 0.731894 0.39
3.8981 0.769913 0.4
3.9902 0.808854 0.41
4.08192 0.848715 0.42
4.17322 0.889491 0.43
4.26412 0.931178 0.44
4.3546 0.973772 0.45
4.44464 1.01727 0.46
4.53425 1.06166 0.47
4.6234 1.10695 0.48
4.7121 1.15313 0.49
4.80034 1.20019 0.5
4.88809 1.24814 0.51
4.97537 1.29695 0.52
5.06215 1.34664 0.53
5.14843 1.39719 0.54
5.2342 1.44861 0.55
5.31945 1.50088 0.56
5.40418 1.554 0.57
5.48837 1.60796 0.58
5.57202 1.66276 0.59
5.65511 1.7184 0.6
5.73764 1.77486 0.61
5.81961 1.83215 0.62
5.901 1.89025 0.63
5.9818 1.94917 0.64
6.06201 2.00889 0.65
6.14162 2.0694 0.66
6.22062 2.13072 0.67
6.299 2.19281 0.68
6.37676 2.25569 0.69
6.45388 2.31935 0.7
6.53037 2.38377 0.71
6.6062 2.44895 0.72
6.68138 2.51489 0.73
6.7559 2.58158 0.74
6.82975 2.64901 0.75
6.90292 2.71717 0.76
6.9754 2.78606 0.77
7.04719 2.85568 0.78
7.11828 2.926 0.79
7.18867 2.99704 0.8
7.25834 3.06878 0.81
7.32729 3.1412 0.82
7.39551 3.21432 0.83
7.463 3.28811 0.84
7.52974 3.36258 0.85
7.59574 3.4377 0.86
7.66098 3.51349 0.87
7.72547 3.58992 0.88
7.78918 3.667 0.89
7.85212 3.7447 0.9
7.91428 3.82304 0.91
7.97566 3.90199 0.92
8.03624 3.98155 0.93
8.09602 4.06171 0.94
8.155 4.14246 0.95
8.21317 4.22381 0.96
8.27052 4.30572 0.97
8.32705 4.38821 0.98
8.38276 4.47126 0.99
8.43762 4.55487 1
8.49165 4.63901 1.01
8.54484 4.7237 1.02
8.59718 4.80891 1.03
8.64866 4.89464 1.04
8.69928 4.98088 1.05
8.74904 5.06762 1.06
8.79793 5.15485 1.07
8.84594 5.24257 1.08
8.89307 5.33077 1.09
8.93932 5.41943 1.1
8.98468 5.50855 1.11
9.02915 5.59812 1.12
9.07271 5.68813 1.13
9.11538 5.77857 1.14
9.15714 5.86944 1.15
9.19799 5.96071 1.16
9.23792 6.05239 1.17
9.27694 6.14447 1.18
9.31503 6.23693 1.19
9.3522 6.32977 1.2
9.38843 6.42297 1.21
9.42373 6.51653 1.22
9.4581 6.61044 1.23
9.49152 6.70469 1.24
9.524 6.79927 1.25
9.55553 6.89417 1.26
9.58611 6.98938 1.27
9.61574 7.08489 1.28
9.64441 7.18069 1.29
9.67213 7.27677 1.3
9.69888 7.37313 1.31
9.72466 7.46975 1.32
9.74948 7.56662 1.33
9.77333 7.66373 1.34
9.7962 7.76108 1.35
9.8181 7.85865 1.36
9.83903 7.95644 1.37
9.85897 8.05443 1.38
9.87794 8.15262 1.39
9.89592 8.25099 1.4
9.91291 8.34953 1.41
9.92892 8.44824 1.42
9.94395 8.54711 1.43
9.95798 8.64612 1.44
9.97102 8.74526 1.45
9.98307 8.84453 1.46
9.99413 8.94392 1.47
10.0042 9.04341 1.48
10.0133 9.143 1.49
10.0213 9.24268 1.5
10.0284 9.34243 1.51
10.0345 9.44224 1.52
10.0396 9.54211 1.53
10.0436 9.64203 1.54
10.0467 9.74198 1.55
10.0488 9.84196 1.56
10.0499 9.94195 1.57
10.05 10.042 1.58
10.049 10.1419 1.59
10.0471 10.2419 1.6
10.0442 10.3419 1.61
10.0403 10.4418 1.62
10.0354 10.5417 1.63
10.0294 10.6415 1.64
10.0225 10.7413 1.65
10.0146 10.841 1.66
10.0057 10.9406 1.67
9.9958 11.0401 1.68
9.9849 11.1395 1.69
9.97301 11.2388 1.7
9.96012 11.3379 1.71
9.94625 11.437 1.72
9.93138 11.5359 1.73
9.91553 11.6346 1.74
9.89869 11.7332 1.75
9.88087 11.8316 1.76
9.86206 11.9298 1.77
9.84227 12.0278 1.78
9.8215 12.1256 1.79
9.79976 12.2232 1.8
9.77704 12.3206 1.81
9.75334 12.4178 1.82
9.72868 12.5147 1.83
9.70305 12.6113 1.84
9.67645 12.7077 1.85
9.64889 12.8039 1.86
9.62037 12.8997 1.87
9.5909 12.9953 1.88
9.56047 13.0905 1.89
9.52909 13.1855 1.9
9.49676 13.2801 1.91
9.46348 13.3744 1.92
9.42927 13.4684 1.93
9.39412 13.562 1.94
9.35803 13.6552 1.95
9.32101 13.7481 1.96
9.28307 13.8407 1.97
9.2442 13.9328 1.98
9.20441 14.0245 1.99
9.16371 14.1159 2
9.12209 14.2068 2.01
9.07957 14.2973 2.02
9.03614 14.3874 2.03
8.99182 14.477 2.04
8.9466 14.5662 2.05
8.9005 14.655 2.06
8.8535 14.7432 2.07
8.80563 14.831 2.08
8.75688 14.9184 2.09
8.70726 15.0052 2.1
8.65678 15.0915 2.11
8.60543 15.1773 2.12
8.55323 15.2626 2.13
8.50018 15.3474 2.14
8.44629 15.4316 2.15
8.39155 15.5153 2.16
8.33598 15.5984 2.17
8.27958 15.681 2.18
8.22236 15.763 2.19
8.16432 15.8445 2.2
8.10547 15.9253 2.21
8.04582 16.0056 2.22
7.98536 16.0852 2.23
7.92411 16.1643 2.24
7.86208 16.2427 2.25
7.79926 16.3205 2.26
7.73567 16.3977 2.27
7.67131 16.4742 2.28
7.60618 16.5501 2.29
7.5403 16.6253 2.3
7.47368 16.6999 2.31
7.40631 16.7738 2.32
7.3382 16.847 2.33
7.26937 16.9196 2.34
7.19981 16.9914 2.35
7.12954 17.0626 2.36
7.05856 17.133 2.37
6.98688 17.2027 2.38
6.91451 17.2717 2.39
6.84145 17.34 2.4
6.76771 17.4076 2.41
6.69329 17.4744 2.42
6.61822 17.5404 2.43
6.54249 17.6057 2.44
6.46611 17.6703 2.45
6.38908 17.7341 2.46
6.31143 17.7971 2.47
6.23314 17.8593 2.48
6.15424 17.9207 2.49
6.07473 17.9814 2.5
5.99461 18.0412 2.51
5.91391 18.1003 2.52
5.83261 18.1585 2.53
5.75074 18.2159 2.54
5.66829 18.2725 2.55
5.58529 18.3283 2.56
5.50173 18.3832 2.57
5.41763 18.4373 2.58
5.33298 18.4906 2.59
5.24782 18.543 2.6
5.16213 18.5945 2.61
5.07593 18.6452 2.62
4.98922 18.695 2.63
4.90203 18.744 2.64
4.81435 18.7921 2.65
4.72619 18.8393 2.66
4.63756 18.8856 2.67
4.54848 18.931 2.68
4.45894 18.9756 2.69
4.36897 19.0192 2.7
4.27856 19.0619 2.71
4.18773 19.1038 2.72
4.09649 19.1447 2.73
4.00484 19.1847 2.74
3.91279 19.2238 2.75
3.82036 19.2619 2.76
3.72756 19.2992 2.77
3.63438 19.3355 2.78
3.54085 19.3709 2.79
3.44696 19.4053 2.8
3.35274 19.4388 2.81
3.25819 19.4714 2.82
3.16332 19.503 2.83
3.06813 19.5336 2.84
2.97265 19.5633 2.85
2.87687 19.5921 2.86
2.78081 19.6199 2.87
2.68447 19.6467 2.88
2.58787 19.6726 2.89
2.49102 19.6975 2.9
2.39393 19.7214 2.91
2.2966 19.7443 2.92
2.19904 19.7663 2.93
2.10127 19.7873 2.94
2.0033 19.8073 2.95
1.90513 19.8264 2.96
1.80677 19.8444 2.97
1.70824 19.8615 2.98
1.60954 19.8776 2.99
1.51069 19.8927 3
1.41169 19.9068 3.01
1.31255 19.9199 3.02
1.21329 19.9321 3.03
1.11391 19.9432 3.04
1.01443 19.9533 3.05
0.914848 19.9625 3.06
0.815181 19.9706 3.07
0.715437 19.9778 3.08
0.615627 19.9839 3.09
0.51576 19.9891 3.1
0.415846 19.9933 3.11
0.315896 19.9964 3.12
0.21592 19.9986 3.13
0.115926 19.9997 3.14
0.0159265 19.9999 -3.13319
-0.08407 19.9991 -3.12319
-0.184053 19.9972 -3.11319
-0.284013 19.9944 -3.10319
-0.383939 19.9905 -3.09319
-0.483822 19.9857 -3.08319
-0.583651 19.9799 -3.07319
-0.683417 19.973 -3.06319
-0.78311 19.9652 -3.05319
-0.88272 19.9564 -3.04319
-0.982236 19.9465 -3.03319
-1.08165 19.9357 -3.02319
-1.18095 19.9239 -3.01319
-1.28013 19.9111 -3.00319
-1.37917 19.8973 -2.99319
-1.47807 19.8825 -2.98319
-1.57682 19.8667 -2.97319
-1.6754 19.85 -2.96319
-1.77382 19.8322 -2.95319
-1.87205 19.8135 -2.94319
-1.97008 19.7938 -2.93319
-2.06792 19.7731 -2.92319
-2.16554 19.7514 -2.91319
-2.26295 19.7288 -2.90319
-2.36012 19.7052 -2.89319
-2.45705 19.6806 -2.88319
-2.55373 19.655 -2.87319
-2.65015 19.6285 -2.86319
-2.7463 19.601 -2.85319
-2.84217 19.5726 -2.84319
-2.93775 19.5432 -2.83319
-3.03303 19.5128 -2.82319
-3.128 19.4815 -2.81319
-3.22266 19.4493 -2.80319
-3.31699 19.4161 -2.79319
-3.41098 19.3819 -2.78319
-3.50463 19.3469 -2.77319
-3.59792 19.3109 -2.76319
-3.69084 19.2739 -2.75319
-3.78339 19.236 -2.74319
-3.87556 19.1972 -2.73319
-3.96734 19.1575 -2.72319
-4.05871 19.1169 -2.71319
-4.14967 19.0754 -2.70319
-4.24022 19.0329 -2.69319
-4.33033 18.9896 -2.68319
-4.42001 18.9453 -2.67319
-4.50923 18.9002 -2.66319
-4.59801 18.8541 -2.65319
-4.68632 18.8072 -2.64319
-4.77415 18.7594 -2.63319
-4.8615 18.7107 -2.62319
-4.94836 18.6612 -2.61319
-5.03472 18.6107 -2.60319
-5.12058 18.5595 -2.59319
-5.20591 18.5073 -2.58319
-5.29072 18.4544 -2.57319
-5.375 18.4005 -2.56319
-5.45873 18.3459 -2.55319
-5.54191 18.2904 -2.54319
-5.62454 18.234 -2.53319
-5.70659 18.1769 -2.52319
-5.78807 18.1189 -2.51319
-5.86897 18.0601 -2.50319
-5.94927 18.0005 -2.49319
-6.02898 17.9401 -2.48319
-6.10808 17.8789 -2.47319
-6.18656 17.817 -2.46319
-6.26441 17.7542 -2.45319
-6.34164 17.6907 -2.44319
-6.41823 17.6264 -2.43319
-6.49417 17.5613 -2.42319
-6.56945 17.4955 -2.41319
-6.64408 17.4289 -2.40319
-6.71803 17.3616 -2.39319
-6.79131 17.2936 -2.38319
-6.8639 17.2248 -2.37319
-6.9358 17.1553 -2.36319
-7.00701 17.0851 -2.35319
-7.0775 17.0142 -2.34319
-7.14729 16.9425 -2.33319
-7.21635 16.8702 -2.32319
-7.28469 16.7972 -2.31319
-7.3523 16.7235 -2.30319
-7.41916 16.6492 -2.29319
-7.48528 16.5741 -2.28319
-7.55064 16.4985 -2.27319
-7.61525 16.4221 -2.26319
-7.67909 16.3452 -2.25319
-7.74215 16.2675 -2.24319
-7.80444 16.1893 -2.23319
-7.86594 16.1105 -2.22319
-7.92665 16.031 -2.21319
-7.98656 15.9509 -2.20319
-8.04566 15.8703 -2.19319
-8.10396 15.789 -2.18319
-8.16144 15.7072 -2.17319
-8.21811 15.6248 -2.16319
-8.27394 15.5418 -2.15319
-8.32894 15.4583 -2.14319
-8.38311 15.3743 -2.13319
-8.43643 15.2897 -2.12319
-8.4889 15.2045 -2.11319
-8.54052 15.1189 -2.10319
-8.59128 15.0327 -2.09319
-8.64117 14.9461 -2.08319
-8.6902 14.8589 -2.07319
-8.73835 14.7713 -2.06319
-8.78562 14.6831 -2.05319
-8.83201 14.5946 -2.04319
-8.87751 14.5055 -2.03319
-8.92212 14.416 -2.02319
-8.96583 14.3261 -2.01319
-9.00864 14.2357 -2.00319
-9.05055 14.1449 -1.99319
-9.09154 14.0537 -1.98319
-9.13162 13.9621 -1.97319
-9.17078 13.8701 -1.96319
-9.20902 13.7777 -1.95319
-9.24634 13.6849 -1.94319
-9.28272 13.5917 -1.93319
-9.31817 13.4982 -1.92319
-9.35269 13.4044 -1.91319
-9.38626 13.3102 -1.90319
-9.41889 13.2156 -1.89319
-9.45057 13.1208 -1.88319
-9.48131 13.0256 -1.87319
-9.51109 12.9302 -1.86319
-9.53991 12.8344 -1.85319
-9.56778 12.7384 -1.84319
-9.59468 12.6421 -1.83319
-9.62062 12.5455 -1.82319
-9.64559 12.4487 -1.81319
-9.66959 12.3516 -1.80319
-9.69262 12.2543 -1.79319
-9.71468 12.1567 -1.78319
-9.73576 12.059 -1.77319
-9.75586 11.961 -1.76319
-9.77498 11.8629 -1.75319
-9.79312 11.7645 -1.74319
-9.81027 11.666 -1.73319
-9.82644 11.5673 -1.72319
-9.84162 11.4685 -1.71319
-9.85581 11.3695 -1.70319
-9.86901 11.2704 -1.69319
-9.88122 11.1711 -1.68319
-9.89243 11.0717 -1.67319
-9.90266 10.9723 -1.66319
-9.91188 10.8727 -1.65319
-9.92011 10.773 -1.64319
-9.92734 10.6733 -1.63319
-9.93358 10.5735 -1.62319
-9.93882 10.4736 -1.61319
-9.94305 10.3737 -1.60319
-9.94629 10.2738 -1.59319
-9.94853 10.1738 -1.58319
-9.94977 10.0738 -1.57319
